date	dosen_kumulativ	dosen_differenz_zum_vortag	dosen_erst_differenz_zum_vortag	dosen_zweit_differenz_zum_vortag	dosen_biontech_kumulativ	dosen_moderna_kumulativ	dosen_astrazeneca_kumulativ	personen_erst_kumulativ	personen_voll_kumulativ	impf_quote_erst	impf_quote_voll	indikation_alter_dosen	indikation_beruf_dosen	indikation_medizinisch_dosen	indikation_pflegeheim_dosen	indikation_alter_erst	indikation_beruf_erst	indikation_medizinisch_erst	indikation_pflegeheim_erst	indikation_alter_voll	indikation_beruf_voll	indikation_medizinisch_voll	indikation_pflegeheim_voll	dosen_dim_kumulativ	dosen_kbv_kumulativ	dosen_johnson_kumulativ	dosen_biontech_erst_kumulativ	dosen_biontech_zweit_kumulativ	dosen_moderna_erst_kumulativ	dosen_moderna_zweit_kumulativ	dosen_astrazeneca_erst_kumulativ	dosen_astrazeneca_zweit_kumulativ	dosen_erst_kumulativ	dosen_zweit_kumulativ
2020-12-27	24094	24094	24081	13	24092	2	0	24081	13	0.000	0.000	10705	8657	1305	12604	10664	8590	1305	12536	41	67	0	68	24094	0	0	24079	13	2	0	0	0	24081	13
2020-12-28	41975	17881	17742	139	41973	2	0	41823	152	0.001	0.000	18621	15788	1991	21344	18580	15721	1991	21276	41	67	0	68	41975	0	0	41821	152	2	0	0	0	41823	152
2020-12-29	91931	49956	49250	706	91928	2	1	91073	858	0.001	0.000	34989	40734	3107	40508	34724	40420	3107	40099	265	314	0	409	91931	0	0	91070	858	2	0	1	0	91073	858
2020-12-30	155353	63422	63301	121	155350	2	1	154374	979	0.002	0.000	55510	73365	4901	63206	55243	73050	4901	62794	267	315	0	412	155353	0	0	154371	979	2	0	1	0	154374	979
2020-12-31	205050	49697	49608	89	205047	2	1	203982	1068	0.002	0.000	72831	96719	6752	83965	72517	96367	6752	83476	314	352	0	489	205050	0	0	203979	1068	2	0	1	0	203982	1068
2021-01-01	230391	25341	25332	9	230380	7	4	229314	1077	0.003	0.000	81208	105449	7830	92301	80894	105097	7830	91812	314	352	0	489	230391	0	0	229304	1076	7	0	3	1	229314	1077
2021-01-02	278341	47950	47664	286	278330	7	4	276978	1363	0.003	0.000	102774	129731	10350	113258	102365	129304	10350	112629	409	427	0	629	278341	0	0	276968	1362	7	0	3	1	276978	1363
2021-01-03	300748	22407	22402	5	300736	8	4	299380	1368	0.004	0.000	113044	140227	11284	123279	112635	139800	11284	122650	409	427	0	629	300748	0	0	299369	1367	8	0	3	1	299380	1368
2021-01-04	346468	45720	45670	50	346455	9	4	345050	1418	0.004	0.000	129646	164913	13951	139091	129237	164486	13951	138462	409	427	0	629	346468	0	0	345038	1417	9	0	3	1	345050	1418
2021-01-05	398233	51765	51487	278	398219	10	4	396537	1696	0.005	0.000	147987	192565	16489	157656	147576	192117	16489	157025	411	448	0	631	398233	0	0	396524	1695	10	0	3	1	396537	1696
2021-01-06	460517	62284	62277	7	460494	16	7	458814	1703	0.006	0.000	169498	225530	19910	180812	169086	225082	19910	180181	412	448	0	631	460517	0	0	458793	1701	16	0	5	2	458814	1703
2021-01-07	514443	53926	53905	21	514416	19	8	512719	1724	0.006	0.000	189172	254868	22957	197233	188758	254418	22957	196600	414	450	0	633	514443	0	0	512694	1722	19	0	6	2	512719	1724
2021-01-08	576010	61567	61459	108	575931	70	9	574178	1832	0.007	0.000	211521	287315	26324	218219	211009	286711	26320	217449	512	604	4	770	576010	0	0	574101	1830	70	0	7	2	574178	1832
2021-01-09	635977	59967	59820	147	635895	73	9	633998	1979	0.008	0.000	237322	313238	29007	243325	236798	312599	29003	242545	524	639	4	780	635977	0	0	633918	1977	73	0	7	2	633998	1979
2021-01-10	671205	35228	35079	149	671115	81	9	669077	2128	0.008	0.000	252455	327794	30379	256315	251929	327151	30375	255535	526	643	4	780	671205	0	0	668990	2125	80	1	7	2	669077	2128
2021-01-11	738705	67500	67398	102	738600	94	11	736475	2230	0.009	0.000	277513	359176	33587	276774	276967	358513	33583	275968	546	663	4	806	738705	0	0	736379	2221	87	7	9	2	736475	2230
2021-01-12	816969	78264	78200	64	816848	109	12	814675	2294	0.010	0.000	305695	401338	36582	301731	305147	400670	36578	300888	548	668	4	843	816969	0	0	814564	2284	102	7	9	3	814675	2294
2021-01-13	927687	110718	110517	201	926396	1279	12	925192	2495	0.011	0.000	345167	458844	40485	337339	344574	458093	40466	336399	593	751	19	940	927687	0	0	923911	2485	1272	7	9	3	925192	2495
2021-01-14	1010717	83030	82841	189	1004280	6425	12	1008033	2684	0.012	0.000	374803	501101	42769	361463	374094	500254	42750	360452	709	847	19	1011	1010717	0	0	1001650	2630	6374	51	9	3	1008033	2684
2021-01-15	1101126	90409	89563	846	1089420	11689	17	1097596	3530	0.013	0.000	408725	545673	46728	389202	407810	544625	46700	387982	915	1048	28	1220	1101126	0	0	1085944	3476	11638	51	14	3	1097596	3530
2021-01-16	1158467	57341	56319	1022	1145081	13368	18	1153915	4552	0.014	0.000	432983	570627	48859	408798	431664	569232	48767	407047	1319	1395	92	1751	1158467	0	0	1140583	4498	13317	51	15	3	1153915	4552
2021-01-17	1206020	47553	29783	17770	1191372	14629	19	1183698	22322	0.014	0.000	453449	591002	50884	428544	444215	583354	50014	417145	9234	7648	870	11399	1206020	0	0	1169104	22268	14578	51	16	3	1183698	22322
2021-01-18	1287844	81824	66152	15672	1269053	18771	20	1249850	37994	0.015	0.000	482728	633883	53106	448900	467235	619730	51700	430238	15493	14153	1406	18662	1287844	0	0	1231115	37938	18718	53	17	3	1249850	37994
2021-01-19	1406593	118749	82335	36414	1384133	22432	28	1332185	74408	0.016	0.001	519765	695968	56714	479843	492669	666683	54375	447938	27096	29285	2339	31905	1406593	0	0	1309785	74348	22375	57	25	3	1332185	74408
2021-01-20	1538698	132105	77581	54524	1513493	25174	31	1409766	128932	0.017	0.002	568076	760039	60957	522078	522876	706310	57505	469463	45200	53729	3452	52615	1538698	0	0	1384621	128872	25117	57	28	3	1409766	128932
2021-01-21	1643686	104988	63657	41331	1615739	27914	33	1473423	170263	0.018	0.002	610150	808503	65406	556195	549621	735602	60889	487988	60529	72901	4517	68207	1643686	0	0	1445538	170201	27856	58	29	4	1473423	170263
2021-01-22	1745172	101486	68027	33459	1715030	30101	41	1541450	203722	0.019	0.002	654049	853889	69013	590642	579902	764987	63599	506975	74147	88902	5414	83667	1745172	0	0	1511375	203655	30038	63	37	4	1541450	203722
2021-01-23	1831604	86432	40429	46003	1801105	30455	44	1581879	249725	0.019	0.003	691767	890989	72414	617916	599855	780966	64783	516268	91912	110023	7631	101648	1831604	0	0	1551448	249657	30391	64	40	4	1581879	249725
2021-01-24	1878892	47288	25454	21834	1848190	30654	48	1607333	271559	0.019	0.003	715655	910067	73331	632982	614016	789814	65130	521524	101639	120253	8201	111458	1878892	0	0	1576699	271491	30590	64	44	4	1607333	271559
2021-01-25	1969821	90929	52261	38668	1937699	32071	51	1659594	310227	0.020	0.004	756375	951632	76827	658117	642321	811974	66847	534304	114054	139658	9980	123813	1969821	0	0	1627543	310156	32004	67	47	4	1659594	310227
2021-01-26	2067232	97411	50605	46806	2033668	33506	58	1710199	357033	0.021	0.004	796572	997196	80614	684405	667753	831436	68195	545278	128819	165760	12419	139127	2067232	0	0	1676710	356958	33435	71	54	4	1710199	357033
2021-01-27	2176542	109310	50767	58543	2141184	35292	66	1760966	415576	0.021	0.005	839834	1049509	85786	715259	691463	852265	70042	556304	148371	197244	15744	158955	2176542	0	0	1725695	415489	35209	83	62	4	1760966	415576
2021-01-28	2268802	92260	46353	45907	2231813	36920	69	1807319	461483	0.022	0.006	877990	1090332	89974	739697	713483	869115	71590	567469	164507	221217	18384	172228	2268802	0	0	1770505	461308	36749	171	65	4	1807319	461483
2021-01-29	2376459	107657	49971	57686	2337983	38400	76	1857290	519169	0.022	0.006	920894	1138243	95507	769100	735839	888487	73819	578309	185055	249756	21688	190791	2376459	0	0	1818990	518993	38228	172	72	4	1857290	519169
2021-01-30	2464469	88010	34357	53653	2425111	39280	78	1891647	572822	0.023	0.007	957412	1174692	99468	796433	752473	901967	75224	586328	204939	272725	24244	210105	2464469	0	0	1852468	572643	39106	174	73	5	1891647	572822
2021-01-31	2521339	56870	25752	31118	2481600	39656	83	1917399	603940	0.023	0.007	982865	1196922	101575	812430	766590	910861	76411	592657	216275	286061	25164	219773	2521339	0	0	1877848	603752	39474	182	77	6	1917399	603940
2021-02-01	2640864	119525	57968	61557	2598865	41865	134	1975367	665497	0.024	0.008	1026174	1260299	105285	839830	787193	944041	78273	602425	238981	316258	27012	237405	2640864	0	0	1933558	665307	41681	184	128	6	1975367	665497
2021-02-02	2772877	132013	64792	67221	2727804	44926	147	2040159	732718	0.025	0.009	1069633	1330364	110479	870030	806216	982089	80866	611659	263417	348275	29613	258371	2772877	0	0	1995277	732527	44741	185	141	6	2040159	732718
2021-02-03	2933926	161049	63517	97532	2882498	51254	173	2103677	830250	0.025	0.010	1128983	1407775	116405	912544	829819	1014401	83062	623312	299164	393374	33343	289232	2933926	0	1	2052446	830052	51063	191	167	6	2103676	830250
2021-02-04	3066968	133042	61196	71846	3009702	57087	178	2164873	902096	0.026	0.011	1177986	1472437	120972	943857	851937	1046473	85311	632945	326049	425964	35661	310912	3066968	0	1	2107807	901895	56893	194	172	6	2164872	902096
2021-02-05	3213360	146392	68901	77491	3149636	63537	186	2233774	979587	0.027	0.012	1232524	1542580	126293	977786	877231	1080338	86905	644262	355293	462242	39388	333524	3213360	0	1	2170385	979251	63209	328	179	7	2233773	979587
2021-02-06	3307025	93665	45374	48291	3240674	66163	187	2279148	1027878	0.027	0.012	1272514	1588658	130853	1003590	896490	1101898	88782	653957	376024	486760	42071	349633	3307025	0	1	2213132	1027542	65835	328	180	7	2279147	1027878
2021-02-07	3360333	53308	28252	25056	3291653	68490	189	2307400	1052934	0.028	0.013	1298155	1609930	133571	1016823	910800	1112720	90015	659435	387355	497210	43556	357388	3360333	0	1	2239056	1052597	68161	329	182	7	2307399	1052934
2021-02-08	3469180	108847	52860	55987	3396652	72311	216	2360260	1108921	0.028	0.013	1350672	1655734	137545	1035599	942269	1129343	91902	666781	408403	526391	45643	368818	3469180	0	1	2288069	1108583	71981	330	209	7	2360259	1108921
2021-02-09	3603239	134059	60198	73861	3527164	75745	329	2420458	1182782	0.029	0.014	1411842	1714380	141993	1058512	978151	1147503	94639	674792	433691	566877	47354	383720	3603239	0	1	2344910	1182254	75225	520	322	7	2420457	1182782
2021-02-10	3757392	154153	77325	76828	3668751	79980	8660	2497783	1259610	0.030	0.015	1478760	1781046	146001	1087933	1017461	1175177	96286	685176	461299	605869	49715	402757	3757392	0	1	2410662	1258089	78479	1501	8641	19	2497782	1259610
2021-02-11	3901091	143699	75206	68493	3788869	87246	24973	2572991	1328103	0.031	0.016	1539776	1848576	151475	1113070	1052428	1208053	98713	694775	487348	640523	52762	418295	3901091	0	3	2465334	1323535	82714	4532	24940	33	2572988	1328103
2021-02-12	4056255	155164	79513	75651	3920512	96542	39195	2652507	1403754	0.032	0.017	1611268	1919253	157751	1138545	1094198	1240389	101429	704318	517070	678864	56322	434227	4056255	0	6	2526378	1394134	87285	9257	38838	357	2652501	1403754
2021-02-13	4163627	107372	61923	45449	4011277	99799	52544	2714431	1449203	0.033	0.017	1667599	1960972	162355	1156080	1129093	1262877	103231	711418	538506	698095	59124	444662	4163627	0	7	2573247	1438030	88997	10802	52180	364	2714424	1449203
2021-02-14	4228836	65209	39495	25714	4066764	102274	59790	2753927	1474917	0.033	0.018	1706122	1983696	163973	1164146	1153761	1276081	104081	714928	552361	707615	59892	449218	4228836	0	8	2604247	1462517	90267	12007	59405	385	2753919	1474917
2021-02-15	4354102	125266	69523	55743	4171344	107503	75246	2823451	1530660	0.034	0.018	1773591	2031897	168008	1183418	1194859	1300739	106358	721524	578732	731158	61650	461894	4354102	0	9	2656059	1515285	92539	14964	74844	402	2823442	1530660
2021-02-16	4488157	134055	77703	56352	4279733	113622	94792	2901155	1587012	0.035	0.019	1839625	2089928	170683	1200400	1236633	1336138	107879	728440	602992	753790	62804	471960	4488157	0	10	2711503	1568230	95264	18358	94378	414	2901145	1587012
2021-02-17	4638872	150715	94426	56289	4401724	121621	115516	2995582	1643301	0.036	0.020	1920033	2147919	175770	1221928	1292995	1368705	110873	736858	627038	779214	64897	485070	4638872	0	11	2780405	1621319	100076	21545	115090	426	2995571	1643301
2021-02-18	4783086	144214	91235	52979	4513900	129842	139332	3086818	1696280	0.037	0.020	1995907	2206102	179208	1240945	1345328	1403985	112659	744258	650579	802117	66549	496687	4783086	0	12	2843149	1670751	104755	25087	138902	430	3086806	1696280
2021-02-19	4941368	158282	102756	55526	4634816	139804	166735	3189575	1751806	0.038	0.021	2076668	2266444	184080	1258305	1402958	1440066	115287	750941	673710	826378	68793	507364	4941368	0	13	2911656	1723160	111707	28097	166199	536	3189562	1751806
2021-02-20	5053409	112041	75790	36251	4721173	144268	187954	3265366	1788057	0.039	0.021	2138268	2310157	187738	1272296	1445964	1469322	117533	755178	692304	840835	70205	517118	5053409	0	14	2962206	1758967	115738	28530	187408	546	3265352	1788057
2021-02-21	5139203	85794	57422	28372	4787678	147909	203601	3322789	1816429	0.040	0.022	2187054	2340674	190304	1282667	1479917	1489494	118664	757407	707137	851180	71640	525260	5139203	0	15	3000505	1787173	119220	28689	203049	552	3322774	1816429
2021-02-22	5294432	155229	97541	57688	4910337	156903	227176	3420331	1874117	0.041	0.023	2266701	2410287	195201	1300517	1538362	1525084	121627	763642	728339	885203	73574	536875	5294432	0	16	3067257	1843080	126446	30457	226612	564	3420315	1874117
2021-02-23	5464009	169577	109095	60482	5043871	164114	256007	3529427	1934599	0.042	0.023	2346910	2483166	200501	1318387	1598211	1563793	124757	771284	748699	919373	75744	547103	5464009	0	17	3141981	1901890	131998	32116	255431	576	3529410	1934599
2021-02-24	5639614	175605	116467	59138	5175213	171725	292658	3645895	1993737	0.044	0.024	2431789	2557990	207079	1337422	1660503	1608669	128907	778912	771286	949321	78172	558510	5639614	0	18	3215890	1959323	137923	33802	292064	594	3645877	1993737
2021-02-25	5828361	188747	129754	58993	5306354	178485	343504	3775649	2052730	0.045	0.025	2514175	2648479	213515	1355541	1722988	1667176	133470	787131	791187	981303	80045	568410	5828361	0	18	3289579	2016775	143154	35331	342898	606	3775631	2052730
2021-02-26	6040669	212308	145473	66835	5447024	187318	406309	3921122	2119565	0.047	0.025	2602819	2749814	220591	1375230	1787946	1735795	138593	794627	814873	1014019	81998	580603	6040669	0	18	3365102	2081922	150370	36948	405632	677	3921104	2119565
2021-02-27	6188390	147721	107826	39895	5539682	191400	457290	4028948	2159460	0.048	0.026	2666475	2822116	227301	1388101	1833818	1790224	143432	799030	832657	1031892	83869	589071	6188390	0	18	3418605	2121077	153720	37680	456605	685	4028930	2159460
2021-02-28	6291227	102837	78776	24061	5600957	195353	494898	4107725	2183521	0.049	0.026	2714700	2875405	231582	1394762	1868893	1834535	146785	801170	845807	1040870	84797	593592	6291227	0	19	3456190	2144767	157321	38032	494195	703	4107706	2183521
2021-03-01	6489317	198090	148278	49812	5731090	204976	553232	4256003	2233333	0.051	0.027	2817221	2953369	239381	1408021	1943445	1896228	153263	806209	873776	1057141	86118	601812	6489317	0	19	3538548	2192542	164922	40054	552514	718	4255984	2233333
2021-03-02	6707855	218538	166438	52100	5870813	214966	622057	4422441	2285433	0.053	0.027	2927307	3047588	248982	1422628	2022735	1971725	160632	812692	904572	1075863	88350	609936	6707855	0	19	3629067	2241746	172037	42929	621318	739	4422422	2285433
2021-03-03	6953843	245988	175772	70216	6027508	229914	696402	4598213	2355649	0.055	0.028	3047976	3148969	260606	1439862	2105531	2048823	170041	819606	942445	1100146	90565	620256	6953843	0	19	3721497	2306011	181109	48805	695588	814	4598194	2355649
2021-03-04	7198270	244427	181612	62815	6168521	244384	785346	4779825	2418464	0.057	0.029	3159240	3258741	272992	1455625	2181653	2136963	180034	825002	977587	1121778	92958	630623	7198270	0	19	3805133	2363388	190183	54201	784490	856	4779806	2418464
2021-03-05	7473820	275550	207050	68500	6317945	257749	898106	4986876	2486964	0.060	0.030	3277185	3383782	287941	1471072	2258903	2242620	191990	830697	1018282	1141162	95951	640375	7473820	0	20	3892067	2425878	197588	60161	897201	905	4986856	2486964
2021-03-06	7675492	201672	153024	48648	6427157	266190	982125	5139900	2535612	0.062	0.030	3366696	3478463	298371	1480590	2314602	2325555	200824	833966	1052094	1152908	97547	646624	7675492	0	20	3954890	2472267	203791	62399	981199	926	5139880	2535612
2021-03-07	7823018	147526	114044	33482	6506890	272847	1043261	5253944	2569094	0.063	0.031	3437978	3544531	306478	1486155	2360956	2383880	208082	835928	1077022	1160651	98396	650227	7823018	0	20	4003499	2503391	208110	64737	1042315	946	5253924	2569094
2021-03-08	8060465	237447	185858	51589	6640792	283802	1135851	5439802	2620683	0.065	0.032	3556806	3640371	322827	1498475	2442587	2468035	222757	841890	1114219	1172336	100070	656585	8060465	0	20	4089215	2551577	215702	68100	1134865	986	5439782	2620683
2021-03-09	8312657	252192	197345	54847	6780870	296587	1235180	5637147	2675530	0.068	0.032	3677710	3742787	340236	1512022	2524321	2558568	238262	848791	1153389	1184219	101974	663231	8312657	0	20	4177983	2602887	225014	71573	1234130	1050	5637127	2675530
2021-03-10	8600787	288130	221091	67039	6939908	308621	1352237	5858239	2742569	0.070	0.033	3808598	3856306	360962	1530389	2606688	2661880	256906	860000	1201910	1194426	104056	670389	8599816	971	21	4273595	2666313	233490	75131	1351133	1104	5858218	2742569
2021-03-11	8884875	284088	223208	60880	7087526	322338	1474990	6081447	2803449	0.073	0.034	3937470	3976178	382106	1544008	2689957	2769533	276555	867677	1247513	1206645	105551	676331	8883249	1626	21	4364737	2722789	242859	79479	1473830	1160	6081426	2803449
2021-03-12	9211308	326433	255588	70845	7239089	339633	1632565	6337035	2874294	0.076	0.035	4071484	4127850	404783	1559463	2770420	2906954	297406	877132	1301064	1220896	107377	682331	9209472	1836	21	4450250	2788839	255561	84072	1631203	1362	6337014	2874294
2021-03-13	9451896	240588	190308	50280	7355099	349200	1747576	6527343	2924574	0.078	0.035	4181046	4240796	425293	1567511	2840453	3011727	316755	881879	1340593	1229069	108538	685632	9449904	1992	21	4517433	2837666	263787	85413	1746102	1474	6527322	2924574
2021-03-14	9621901	170005	134355	35650	7443102	354712	1824066	6661698	2960224	0.080	0.036	4266043	4307307	441408	1570975	2896461	3072888	331859	883676	1369582	1234419	109549	687299	9619899	2002	21	4570782	2872320	268324	86388	1822571	1495	6661677	2960224
2021-03-15	9869544	247643	188423	59220	7595847	367449	1906227	6850121	3019444	0.082	0.036	4400463	4391447	461474	1582289	2984151	3147219	350790	890548	1416312	1244228	110684	691741	9867259	2285	21	4666096	2929751	279361	88088	1904643	1584	6850100	3019444
2021-03-16	10048413	178869	110733	68136	7762448	378700	1907244	6960854	3087580	0.084	0.037	4527474	4426082	473886	1593025	3059300	3169255	361553	895647	1468174	1256827	112333	697378	10045581	2832	21	4767049	2995399	288127	90573	1905657	1587	6960833	3087580
2021-03-17	10253323	204910	124018	80892	7948629	396687	1907986	7084872	3168472	0.085	0.038	4672447	4463838	487350	1605072	3141952	3193652	373040	902175	1530495	1270186	114310	702897	10249874	3449	21	4877150	3071479	301307	95380	1906394	1592	7084851	3168472
2021-03-18	10446792	193469	117901	75568	8122782	414844	1909145	7202773	3244040	0.087	0.039	4812398	4498757	499905	1615322	3222615	3215628	383588	907340	1589783	1283129	116317	707982	10442920	3872	21	4980936	3141846	314264	100580	1907552	1593	7202752	3244040
2021-03-19	10691477	244685	160529	84156	8308143	435630	1947683	7363302	3328196	0.089	0.040	4961948	4563922	518114	1627194	3306761	3267408	399605	914537	1655187	1296514	118509	712657	10687074	4403	21	5089005	3219138	328243	107387	1946033	1650	7363281	3328196
2021-03-20	10911727	220250	166992	53258	8443516	450918	2017272	7530294	3381454	0.091	0.041	5078536	4641917	537715	1633319	3379545	3337212	417708	917920	1698991	1304705	120007	715399	10907000	4727	21	5174978	3268538	339704	111214	2015591	1681	7530273	3381454
2021-03-21	11076215	164488	126303	38185	8545686	460107	2070401	7656597	3419639	0.092	0.041	5171749	4694283	554274	1635819	3440184	3384099	433219	919244	1731565	1310184	121055	716575	11071488	4727	21	5242233	3303453	345649	114458	2068694	1707	7656576	3419639
2021-03-22	11345347	269132	192745	76387	8712077	483894	2149355	7849342	3496026	0.094	0.042	5329624	4766248	576579	1645397	3534739	3445389	453483	925279	1794885	1320859	123096	720118	11339092	6255	21	5339693	3372384	362034	121860	2147594	1761	7849321	3496026
2021-03-23	11645992	300645	216842	83803	8893484	503585	2248902	8066184	3579829	0.097	0.043	5490190	4854892	604288	1656865	3629814	3521119	478432	932910	1860376	1333773	125856	723955	11634749	11243	21	5442326	3451158	376752	126833	2247085	1817	8066163	3579829
2021-03-24	11984994	339002	249405	89597	9093610	536610	2354753	8315589	3669426	0.100	0.044	5664852	4952071	635971	1672375	3732242	3605792	507202	944863	1932610	1346279	128769	727512	11967959	17035	21	5558237	3535373	404471	132139	2352860	1893	8315568	3669426
2021-03-25	12317584	332590	251453	81137	9279079	564273	2474211	8567042	3750563	0.103	0.045	5830941	5060081	670798	1683452	3832663	3703768	539527	951994	1998278	1356313	131271	731458	12294604	22980	21	5668250	3610829	426563	137710	2472208	2003	8567021	3750563
2021-03-26	12691303	373719	285326	88393	9478615	601434	2611233	8852368	3838956	0.106	0.046	6003833	5184282	710463	1698535	3933360	3816071	576057	962322	2070473	1368211	134406	736213	12662009	29294	21	5786187	3692428	457020	144414	2609140	2093	8852347	3838956
2021-03-27	12972521	281218	218891	62327	9628170	629052	2715277	9071260	3901283	0.109	0.047	6147056	5279869	744190	1703356	4023632	3903670	607441	965464	2123424	1376199	136749	737892	12940877	31644	22	5876581	3751589	481527	147525	2713130	2147	9071238	3901283
2021-03-28	13168882	196361	143113	53248	9743497	647555	2777808	9214373	3954531	0.111	0.048	6253046	5333384	768116	1706823	4085867	3950861	629648	967502	2167179	1382523	138468	739321	13137047	31835	22	5941986	3801511	496756	150799	2775609	2199	9214351	3954531
2021-03-29	13474314	305432	216880	88552	9932151	672454	2869687	9431253	4043083	0.113	0.049	6418833	5404751	806706	1716518	4180272	4010842	665103	973637	2238561	1393909	141603	742881	13436531	37783	22	6048951	3883200	514852	157602	2867428	2259	9431231	4043083
2021-03-30	13803237	328923	236395	92528	10150768	696841	2955606	9667648	4135611	0.116	0.050	6591913	5474211	853024	1727240	4280843	4069380	706095	981320	2311070	1404831	146929	745920	13753318	49919	22	6181526	3969242	532813	164028	2953287	2319	9667626	4135611
2021-03-31	14139384	336147	234668	101479	10398208	732878	3008276	9902316	4237090	0.119	0.051	6774517	5538855	899988	1738789	4384637	4121392	747318	988525	2389880	1417463	152670	750264	14073150	66234	22	6335487	4062721	560886	171992	3005921	2355	9902294	4237090
2021-04-01	14465753	326369	235847	90522	10636838	765326	3063567	10138163	4327612	0.122	0.052	6936269	5606629	944397	1747554	4476928	4175958	787230	994147	2459341	1430671	157167	753407	14379440	86313	22	6491533	4145305	585437	179889	3061171	2396	10138141	4327612
2021-04-02	14691407	225654	157697	67957	10816336	779711	3095338	10295860	4395569	0.124	0.053	7067172	5654574	981393	1749910	4552089	4213818	820223	995356	2515083	1440756	161170	754554	14603570	87837	22	6607442	4208894	595481	184230	3092915	2423	10295838	4395569
2021-04-03	14923174	231767	167456	64311	10990421	795510	3137221	10463316	4459880	0.126	0.054	7198861	5698683	1018737	1753036	4633025	4248782	853330	997097	2565836	1449901	165407	755939	14833938	89236	22	6722100	4268321	606434	189076	3134760	2461	10463294	4459880
2021-04-04	15116095	192921	142566	50355	11122606	805572	3187895	10605882	4510235	0.128	0.054	7309766	5731715	1048001	1754173	4704262	4274251	879171	997551	2605504	1457464	168830	756622	15026723	89372	22	6807864	4314742	612605	192967	3185391	2504	10605860	4510235
2021-04-05	15363856	247761	177592	70169	11287545	823432	3252857	10783474	4580404	0.130	0.055	7456036	5770066	1081529	1756372	4794323	4302940	907924	998846	2661713	1467126	173605	757526	15273174	90682	22	6907445	4380100	625685	197747	3250322	2535	10783452	4580404
2021-04-06	15737483	373627	278964	94663	11542415	855643	3339403	11062438	4675067	0.133	0.056	7644926	5826686	1124640	1761928	4910112	4346229	944820	1001588	2734814	1480457	179820	760340	15610174	127309	22	7076412	4466003	649204	206439	3336800	2603	11062416	4675067
2021-04-07	16405287	667804	571513	96291	12084488	892560	3428217	11633951	4771358	0.140	0.057	7644926	5826686	1124640	1761928	4910112	4346229	944820	1001588	2734814	1480457	179820	760340	15972314	432973	22	7530805	4553683	677592	214968	3425532	2685	11633929	4771358
2021-04-08	17103730	698443	610919	87524	12655710	928121	3519877	12244870	4858882	0.147	0.058	7644926	5826686	1124640	1761928	4910112	4346229	944820	1001588	2734814	1480457	179820	760340	16345879	757851	22	8023490	4632220	704246	223875	3517112	2765	12244848	4858882
2021-04-09	17735282	631552	542681	88871	13145710	964650	3624900	12787551	4947753	0.154	0.059	7644926	5826686	1124640	1761928	4910112	4346229	944820	1001588	2734814	1480457	179820	760340	16737928	997354	22	8436131	4709579	729345	235305	3622053	2847	12787529	4947753
2021-04-10	18107851	372569	307518	65051	13394195	987872	3725762	13095069	5012804	0.157	0.060	7644926	5826686	1124640	1761928	4910112	4346229	944820	1001588	2734814	1480457	179820	760340	17077451	1030400	22	8627307	4766888	744887	242985	3722853	2909	13095047	5012804
2021-04-11	18371736	263885	213567	50318	13564560	1006537	3800617	13308636	5063122	0.160	0.061	7644926	5826686	1124640	1761928	4910112	4346229	944820	1001588	2734814	1480457	179820	760340	17336257	1035479	22	8751376	4813184	759606	246931	3797632	2985	13308614	5063122
2021-04-12	18790198	418462	342090	76372	13843389	1035720	3911066	13650727	5139494	0.164	0.062	7644926	5826686	1124640	1761928	4910112	4346229	944820	1001588	2734814	1480457	179820	760340	17706212	1083986	23	8962358	4881031	780319	255401	3908027	3039	13650704	5139494
2021-04-13	19366913	576715	503076	73639	14275620	1062931	4028339	14153803	5213133	0.170	0.063	7644926	5826686	1124640	1761928	4910112	4346229	944820	1001588	2734814	1480457	179820	760340	18086797	1280116	23	9326582	4949038	802091	260840	4025107	3232	14153780	5213133
2021-04-14	20141761	774848	691693	83155	14892040	1096467	4153231	14845496	5296288	0.179	0.064	7644926	5826686	1124640	1761928	4910112	4346229	944820	1001588	2734814	1480457	179820	760340	18487848	1653913	23	9868908	5023132	827124	269343	4149441	3790	14845473	5296288
2021-04-15	20821836	680075	609911	70164	15425950	1132672	4263190	15455408	5366452	0.186	0.065	7644926	5826686	1124640	1761928	4910112	4346229	944820	1001588	2734814	1480457	179820	760340	18872294	1949542	24	10342208	5083742	854719	277953	4258457	4733	15455384	5366452
2021-04-16	21418137	596301	522256	74045	15863977	1165158	4388978	15977664	5440497	0.192	0.065	7644926	5826686	1124640	1761928	4910112	4346229	944820	1001588	2734814	1480457	179820	760340	19273756	2144381	24	10715316	5148661	878882	286276	4383442	5536	15977640	5440497
2021-04-17	21784092	365955	309346	56609	16088851	1187839	4507378	16287010	5497106	0.196	0.066	7644926	5826686	1124640	1761928	4910112	4346229	944820	1001588	2734814	1480457	179820	760340	19617907	2166185	24	10892198	5196653	894430	293409	4500358	7020	16286986	5497106
2021-04-18	22053483	269391	230394	38997	16260879	1203222	4589358	16517404	5536103	0.199	0.067	7644926	5826686	1124640	1761928	4910112	4346229	944820	1001588	2734814	1480457	179820	760340	19882687	2170796	24	11030287	5230592	905922	297300	4581171	8187	16517380	5536103
2021-04-19	22455664	402181	340821	61360	16554635	1236138	4664866	16858226	5597463	0.203	0.067	7644926	5826686	1124640	1761928	4910112	4346229	944820	1001588	2734814	1480457	179820	760340	20240537	2215127	25	11271918	5282717	930922	305216	4655361	9505	16858201	5597463
2021-04-20	23016296	560632	497983	62649	16936566	1275355	4804350	17356209	5660112	0.209	0.068	7644926	5826686	1124640	1761928	4910112	4346229	944820	1001588	2734814	1480457	179820	760340	20606718	2409578	25	11599872	5336694	963544	311811	4792768	11582	17356184	5660112
2021-04-21	23737003	720707	647706	73001	17390734	1317040	5029204	18003915	5733113	0.216	0.069	7644926	5826686	1124640	1761928	4910112	4346229	944820	1001588	2734814	1480457	179820	760340	20988277	2748726	25	11991535	5399199	997182	319858	5015173	14031	18003890	5733113
2021-04-22	24375380	638377	571260	67117	17772417	1360690	5242248	18575175	5800230	0.223	0.070	7644926	5826686	1124640	1761928	4910112	4346229	944820	1001588	2734814	1480457	179820	760340	21359395	3015985	25	12317354	5455063	1033202	327488	5224594	17654	18575150	5800230
2021-04-23	24931251	555871	487057	68814	18125571	1404218	5401437	19062232	5869044	0.229	0.071	7644926	5826686	1124640	1761928	4910112	4346229	944820	1001588	2734814	1480457	179820	760340	21747071	3184180	25	12615731	5509840	1066250	337968	5380226	21211	19062207	5869044
2021-04-24	25296602	365351	306389	58962	18360541	1453559	5482477	19368621	5928006	0.233	0.071	7644926	5826686	1124640	1761928	4910112	4346229	944820	1001588	2734814	1480457	179820	760340	22095511	3201091	25	12809478	5551063	1100216	353343	5458902	23575	19368596	5928006
2021-04-25	25579332	282730	233664	49066	18548301	1487238	5543768	19602285	5977072	0.236	0.072	7644926	5826686	1124640	1761928	4910112	4346229	944820	1001588	2734814	1480457	179820	760340	22372427	3206905	25	12959837	5588464	1124028	363210	5518395	25373	19602260	5977072
2021-04-26	26012046	432714	358758	73956	18866171	1529711	5616070	19961112	6051028	0.240	0.073	7644926	5826686	1124640	1761928	4910112	4346229	944820	1001588	2734814	1480457	179820	760340	22718549	3293497	94	13216205	5649966	1158111	371600	5586702	29368	19961018	6051028
2021-04-27	26797095	785049	693192	91857	19542728	1581206	5672606	20654765	6142885	0.248	0.074	7644926	5826686	1124640	1761928	4910112	4346229	944820	1001588	2734814	1480457	179820	760340	23088718	3708377	555	13814964	5727764	1200485	380721	5638761	33845	20654210	6142885
2021-04-28	27919755	1122660	995873	126787	20550915	1641742	5725826	21651355	6269672	0.260	0.075	7644926	5826686	1124640	1761928	4910112	4346229	944820	1001588	2734814	1480457	179820	760340	23482295	4437460	1272	14714580	5836335	1248641	393101	5686862	38964	21650083	6269672
2021-04-29	28865361	945606	812217	133389	21375175	1705350	5782683	22464453	6403061	0.270	0.077	7644926	5826686	1124640	1761928	4910112	4346229	944820	1001588	2734814	1480457	179820	760340	23869833	4995528	2153	15426596	5948579	1299868	405482	5735836	46847	22462300	6403061
2021-04-30	29668473	803112	666131	136981	22053477	1762603	5849407	23131417	6540042	0.278	0.079	7644926	5826686	1124640	1761928	4910112	4346229	944820	1001588	2734814	1480457	179820	760340	24273099	5395374	2986	15993385	6060092	1341881	420722	5793165	56242	23128431	6540042
2021-05-01	30004441	335968	259709	76259	22306286	1804091	5888504	23393700	6616301	0.281	0.080	7644926	5826686	1124640	1761928	4910112	4346229	944820	1001588	2734814	1480457	179820	760340	24584417	5420024	5560	16184943	6121343	1376962	427129	5826235	62269	23388140	6616301
2021-05-02	30269311	264870	197490	67380	22501850	1841605	5918489	23592997	6683681	0.284	0.080	7644926	5826686	1124640	1761928	4910112	4346229	944820	1001588	2734814	1480457	179820	760340	24841632	5427679	7367	16324769	6177081	1409224	432381	5851637	66852	23585630	6683681
2021-05-03	30720814	451503	335146	116357	22819718	1912184	5979957	23929731	6800038	0.288	0.082	7644926	5826686	1124640	1761928	4910112	4346229	944820	1001588	2734814	1480457	179820	760340	25199275	5521539	8955	16551675	6268043	1466606	445578	5902495	77462	23920776	6800038
2021-05-04	31563328	842514	680821	161693	23445987	1975324	6130101	24613513	6961731	0.296	0.084	7644926	5826686	1124640	1761928	4910112	4346229	944820	1001588	2734814	1480457	179820	760340	25574537	5988791	11916	17046158	6399829	1516508	458816	6038931	91170	24601597	6961731
2021-05-05	32709874	1146546	914604	231942	24296782	2054283	6342422	25532588	7193673	0.307	0.086	7644926	5826686	1124640	1761928	4910112	4346229	944820	1001588	2734814	1480457	179820	760340	25995119	6714755	16387	17711887	6584895	1569967	484316	6234347	108075	25516201	7193673
2021-05-06	33699880	990006	766873	223133	24989319	2146177	6543803	26303655	7416806	0.316	0.089	7644926	5826686	1124640	1761928	4910112	4346229	944820	1001588	2734814	1480457	179820	760340	26410014	7289866	20581	18227323	6761996	1639474	506703	6416277	127526	26283074	7416806
2021-05-07	34589625	889745	651802	237943	25576247	2232861	6756081	26959312	7654749	0.324	0.092	7644926	5826686	1124640	1761928	4910112	4346229	944820	1001588	2734814	1480457	179820	760340	26855743	7733882	24436	18640379	6935868	1695196	537665	6599301	156780	26934876	7654749
2021-05-08	35015315	425690	271631	154059	25843887	2304632	6840642	27232661	7808808	0.327	0.094	7644926	5826686	1124640	1761928	4910112	4346229	944820	1001588	2734814	1480457	179820	760340	27220942	7794373	26154	18795131	7048756	1747140	557492	6664236	176406	27206507	7808808
2021-05-09	35301405	286090	183539	102551	26037769	2361180	6875236	27417266	7911359	0.330	0.095	7644926	5826686	1124640	1761928	4910112	4346229	944820	1001588	2734814	1480457	179820	760340	27495997	7805408	27220	18909753	7128016	1792893	568287	6687400	187836	27390046	7911359
2021-05-10	35890475	589070	395606	193464	26410858	2442869	7005799	27816601	8104823	0.334	0.097	7644926	5826686	1124640	1761928	4910112	4346229	944820	1001588	2734814	1480457	179820	760340	27896169	7994306	30949	19141118	7269740	1852425	590444	6792109	213690	27785652	8104823
2021-05-11	36976087	1085612	797829	287783	27236714	2522741	7182047	28618066	8392606	0.344	0.101	7644926	5826686	1124640	1761928	4910112	4346229	944820	1001588	2734814	1480457	179820	760340	28328086	8648001	34585	19734118	7502596	1910141	612600	6939222	242825	28583481	8392606
2021-05-12	38391515	1415428	1049027	366401	28329810	2614375	7407160	29672678	8759007	0.357	0.105	7644926	5826686	1124640	1761928	4910112	4346229	944820	1001588	2734814	1480457	179820	760340	28787531	9603984	40170	20530867	7798943	1971263	643112	7130378	276782	29632508	8759007
2021-05-13	38820716	429201	268375	160826	28645125	2681142	7451631	29943701	8919833	0.360	0.107	7644926	5826686	1124640	1761928	4910112	4346229	944820	1001588	2734814	1480457	179820	760340	29143253	9677463	42818	20718427	7926698	2022822	658320	7159634	291997	29900883	8919833
2021-05-14	39576960	756244	525837	230407	29190258	2746027	7590061	30477334	9150240	0.366	0.110	7644926	5826686	1124640	1761928	4910112	4346229	944820	1001588	2734814	1480457	179820	760340	29548160	10028800	50614	21083055	8107203	2072538	673489	7271127	318934	30426720	9150240
2021-05-15	39976941	399981	234463	165518	29469275	2806328	7646441	30716080	9315758	0.369	0.112	7644926	5826686	1124640	1761928	4910112	4346229	944820	1001588	2734814	1480457	179820	760340	29900475	10076466	54897	21239727	8229548	2116487	689841	7304969	341472	30661183	9315758
2021-05-16	40259449	282508	160530	121978	29669446	2859068	7671312	30881336	9437736	0.371	0.113	7644926	5826686	1124640	1761928	4910112	4346229	944820	1001588	2734814	1480457	179820	760340	30166978	10092471	59623	21346152	8323294	2159341	699727	7316220	355092	30821713	9437736
2021-05-17	40814631	555182	349199	205983	30007761	2944750	7792738	31240294	9643719	0.376	0.116	7644926	5826686	1124640	1761928	4910112	4346229	944820	1001588	2734814	1480457	179820	760340	30552842	10261789	69382	21539016	8468745	2220606	724144	7411290	381448	31170912	9643719
2021-05-18	41686339	871708	517206	354502	30597221	3045836	7966128	31765272	9998221	0.382	0.120	7644926	5826686	1124640	1761928	4910112	4346229	944820	1001588	2734814	1480457	179820	760340	30969546	10716793	77154	21838374	8758847	2293115	752721	7556629	409499	31688118	9998221
2021-05-19	42783744	1097405	563453	533952	31401222	3145917	8147338	32340838	10532173	0.389	0.127	7644926	5826686	1124640	1761928	4910112	4346229	944820	1001588	2734814	1480457	179820	760340	31387173	11396571	89267	22182343	9218879	2359358	786559	7709870	437468	32251571	10532173
2021-05-20	43730532	946788	455378	491410	32084234	3242380	8303809	32807058	11023583	0.394	0.133	7644926	5826686	1124640	1761928	4910112	4346229	944820	1001588	2734814	1480457	179820	760340	31803018	11927514	100109	22443206	9641028	2424865	817515	7838878	464931	32706949	11023583
2021-05-21	44580943	850411	405658	444753	32680084	3327996	8460937	33224533	11468336	0.399	0.138	7644926	5826686	1124640	1761928	4910112	4346229	944820	1001588	2734814	1480457	179820	760340	32230709	12350234	111926	22665656	10014428	2481232	846764	7965719	495218	33112607	11468336
2021-05-22	45054606	473663	214670	258993	32986146	3397496	8544759	33453482	11727329	0.402	0.141	7644926	5826686	1124640	1761928	4910112	4346229	944820	1001588	2734814	1480457	179820	760340	32575442	12479164	126205	22763988	10222158	2529533	867963	8033756	511003	33327277	11727329
2021-05-23	45339680	285074	124696	160378	33179077	3456885	8568649	33587042	11887707	0.404	0.143	7644926	5826686	1124640	1761928	4910112	4346229	944820	1001588	2734814	1480457	179820	760340	32842395	12497285	135069	22829607	10349470	2573829	883056	8048537	520112	33451973	11887707
2021-05-24	45665617	325937	141102	184835	33414770	3518430	8589305	33736187	12072542	0.406	0.145	7644926	5826686	1124640	1761928	4910112	4346229	944820	1001588	2734814	1480457	179820	760340	33152807	12512810	143112	22912195	10502575	2620381	898049	8060499	528806	33593075	12072542
2021-05-25	46320775	655158	271959	383199	33861257	3598095	8693199	34033258	12455741	0.409	0.150	7644926	5826686	1124640	1761928	4910112	4346229	944820	1001588	2734814	1480457	179820	760340	33549022	12771753	168224	23053882	10807375	2671821	926274	8139331	553868	33865034	12455741
2021-05-26	47499992	1179217	469284	709933	34746058	3680488	8827014	34580750	13165674	0.416	0.158	7644926	5826686	1124640	1761928	4910112	4346229	944820	1001588	2734814	1480457	179820	760340	33964824	13535168	246432	23368640	11377418	2724401	956087	8241277	585737	34334318	13165674
2021-05-27	48540412	1040420	403926	636494	35485024	3769338	8958502	35065792	13802168	0.422	0.166	7644926	5826686	1124640	1761928	4910112	4346229	944820	1001588	2734814	1480457	179820	760340	34383407	14157005	327548	23626434	11858590	2775980	993358	8335830	622672	34738244	13802168
2021-05-28	49443066	902654	355946	546708	36087746	3855379	9088645	35505486	14348876	0.427	0.173	7644926	5826686	1124640	1761928	4910112	4346229	944820	1001588	2734814	1480457	179820	760340	34818100	14624966	411296	23843086	12244660	2826484	1028895	8424620	664025	35094190	14348876
2021-05-29	49852807	409741	151542	258199	36349288	3917919	9146518	35684814	14607075	0.429	0.176	7644926	5826686	1124640	1761928	4910112	4346229	944820	1001588	2734814	1480457	179820	760340	35153432	14699375	439082	23922865	12426423	2863324	1054595	8459543	686975	35245732	14607075
2021-05-30	50136120	283313	97646	185667	36546317	3964922	9174772	35793487	14792742	0.430	0.178	7644926	5826686	1124640	1761928	4910112	4346229	944820	1001588	2734814	1480457	179820	760340	35414927	14721193	450109	23982047	12564270	2890658	1074264	8470673	704099	35343378	14792742
2021-05-31	50682219	546099	178106	367993	36913261	4032144	9244235	36014063	15160735	0.433	0.182	7644926	5826686	1124640	1761928	4910112	4346229	944820	1001588	2734814	1480457	179820	760340	35803257	14878962	492579	24093657	12819604	2918312	1113832	8509515	734720	35521484	15160735
2021-06-01	51669306	987087	399436	587651	37646250	4111443	9334535	36497998	15748386	0.439	0.189	7644926	5826686	1124640	1761928	4910112	4346229	944820	1001588	2734814	1480457	179820	760340	36199871	15469435	577078	24409583	13236667	2947785	1163658	8563552	770983	35920920	15748386
2021-06-02	52915290	1245984	516424	729560	38634287	4183637	9416616	37118094	16477946	0.446	0.198	7644926	5826686	1124640	1761928	4910112	4346229	944820	1001588	2734814	1480457	179820	760340	36605577	16309713	680750	24858740	13775547	2972162	1211475	8606442	810174	36437344	16477946
2021-06-03	53557402	642112	230216	411896	39108943	4247791	9466712	37401516	16889842	0.450	0.203	7644926	5826686	1124640	1761928	4910112	4346229	944820	1001588	2734814	1480457	179820	760340	36968276	16589126	733956	25038465	14070478	3001849	1245942	8627246	839466	36667560	16889842
2021-06-04	54367257	809855	290607	519248	39693660	4318919	9543507	37769338	17409090	0.454	0.209	7644926	5826686	1124640	1761928	4910112	4346229	944820	1001588	2734814	1480457	179820	760340	37375643	16991614	811171	25266109	14427551	3030410	1288509	8661648	881859	36958167	17409090
2021-06-05	54779377	412120	96035	316085	39964651	4385314	9587629	37895985	17725175	0.456	0.213	7644926	5826686	1124640	1761928	4910112	4346229	944820	1001588	2734814	1480457	179820	760340	37724219	17055158	841783	25325103	14639548	3056601	1328713	8672498	915131	37054202	17725175
2021-06-06	55071477	292100	59257	232843	40170306	4426289	9614858	37973483	17958018	0.457	0.216	7644926	5826686	1124640	1761928	4910112	4346229	944820	1001588	2734814	1480457	179820	760340	37986610	17084867	860024	25368915	14801391	3068533	1357756	8676011	938847	37113459	17958018
2021-06-07	55683835	612358	191834	420524	40570925	4511168	9687292	38219743	18378542	0.460	0.221	7644926	5826686	1124640	1761928	4910112	4346229	944820	1001588	2734814	1480457	179820	760340	38359684	17323248	914450	25502346	15068579	3095863	1415305	8707084	980208	37305293	18378542
2021-06-08	56730276	1046441	335316	711125	41411310	4586206	9750074	38623295	19089667	0.464	0.230	7644926	5826686	1124640	1761928	4910112	4346229	944820	1001588	2734814	1480457	179820	760340	38758304	17968865	982686	25779441	15631869	3121875	1464331	8739293	1010781	37640609	19089667
2021-06-09	58143917	1413641	439724	973917	42578467	4673072	9813983	39158728	20063584	0.471	0.241	7644926	5826686	1124640	1761928	4910112	4346229	944820	1001588	2734814	1480457	179820	760340	39181216	18956810	1078395	26158716	16419751	3149980	1523092	8771637	1042346	38080333	20063584
2021-06-10	59325604	1181687	395630	786057	43526548	4762580	9869643	39642796	20849641	0.477	0.251	7644926	5826686	1124640	1761928	4910112	4346229	944820	1001588	2734814	1480457	179820	760340	39611362	19705530	1166833	26495847	17030701	3181692	1580888	8798424	1071219	38475963	20849641
2021-06-11	60378383	1052779	355201	697578	44325408	4851280	9938139	40094720	21547219	0.482	0.259	7644926	5826686	1124640	1761928	4910112	4346229	944820	1001588	2734814	1480457	179820	760340	40048365	20318630	1263556	26794190	17531218	3209516	1641764	8827458	1110681	38831164	21547219
2021-06-12	60811360	432977	121673	311304	44608203	4922915	9981450	40251629	21858523	0.484	0.263	7644926	5826686	1124640	1761928	4910112	4346229	944820	1001588	2734814	1480457	179820	760340	40378245	20420893	1298792	26884269	17723934	3228106	1694809	8840462	1140988	38952837	21858523
2021-06-13	61094071	282711	64363	218348	44787907	4986332	10007250	40329782	22076871	0.485	0.265	7644926	5826686	1124640	1761928	4910112	4346229	944820	1001588	2734814	1480457	179820	760340	40625296	20456247	1312582	26928200	17859707	3243922	1742410	8845078	1162172	39017200	22076871
2021-06-14	61742723	648652	208356	440296	45212994	5087377	10074553	40593355	22517167	0.488	0.271	7644926	5826686	1124640	1761928	4910112	4346229	944820	1001588	2734814	1480457	179820	760340	41031437	20696780	1367799	27095612	18117382	3267349	1820028	8862595	1211958	39225556	22517167
2021-06-15	62779547	1036824	337979	698845	46002061	5191685	10158965	40990371	23216012	0.493	0.279	7644926	5826686	1124640	1761928	4910112	4346229	944820	1001588	2734814	1480457	179820	760340	41478082	21283470	1426836	27385740	18616321	3295641	1896044	8882154	1276811	39563535	23216012
2021-06-16	64149458	1369911	455148	914763	47093567	5297525	10255303	41521746	24130775	0.499	0.290	7644926	5826686	1124640	1761928	4910112	4346229	944820	1001588	2734814	1480457	179820	760340	41945420	22182018	1503063	27783516	19310051	3327573	1969952	8907594	1347709	40018683	24130775
2021-06-17	65285347	1135889	388573	747316	47966369	5400389	10347274	41978571	24878091	0.505	0.299	7644926	5826686	1124640	1761928	4910112	4346229	944820	1001588	2734814	1480457	179820	760340	42407739	22852215	1571315	28120752	19845617	3356694	2043695	8929810	1417464	40407256	24878091
2021-06-18	66267436	982089	336304	645785	48690088	5494048	10443200	42383660	25523876	0.510	0.307	7644926	5826686	1124640	1761928	4910112	4346229	944820	1001588	2734814	1480457	179820	760340	42856841	23382503	1640100	28404198	20285890	3387607	2106441	8951755	1491445	40743560	25523876
2021-06-19	66692670	425234	117840	307394	48961581	5575845	10494008	42522636	25831270	0.511	0.311	7644926	5826686	1124640	1761928	4910112	4346229	944820	1001588	2734814	1480457	179820	760340	43196334	23466988	1661236	28494874	20466707	3408279	2167566	8958247	1535761	40861400	25831270
2021-06-20	66987015	294345	67386	226959	49140016	5647131	10525822	42602832	26058229	0.512	0.313	7644926	5826686	1124640	1761928	4910112	4346229	944820	1001588	2734814	1480457	179820	760340	43460774	23496614	1674046	28543743	20596273	3424193	2222938	8960850	1564972	40928786	26058229
2021-06-21	67611489	624474	204312	420162	49545983	5744153	10611044	42843407	26478391	0.515	0.318	7644926	5826686	1124640	1761928	4910112	4346229	944820	1001588	2734814	1480457	179820	760340	43853698	23726147	1710309	28709456	20836527	3448874	2295279	8974768	1636276	41133098	26478391
2021-06-22	68677027	1065538	365407	700131	50379846	5839634	10713313	43242739	27178522	0.520	0.327	7644926	5826686	1124640	1761928	4910112	4346229	944820	1001588	2734814	1480457	179820	760340	44286532	24354112	1744234	29028464	21351382	3479123	2360511	8990918	1722395	41498505	27178522
2021-06-23	69999588	1322561	477300	845261	51457467	5935156	10828519	43754251	28023783	0.526	0.337	7644926	5826686	1124640	1761928	4910112	4346229	944820	1001588	2734814	1480457	179820	760340	44720156	25237778	1778446	29455784	22001683	3508677	2426479	9011344	1817175	41975805	28023783
2021-06-24	71022164	1022576	477576	545000	52242845	6022174	10938931	44271595	28568783	0.532	0.344	7644926	5826686	1124640	1761928	4910112	4346229	944820	1001588	2734814	1480457	179820	760340	45145283	25830883	1818214	29877136	22365709	3543724	2478450	9032521	1906410	42453381	28568783
2021-06-25	71931472	909308	370391	538917	52926713	6098301	11048678	44681552	29107700	0.537	0.350	7644926	5826686	1124640	1761928	4910112	4346229	944820	1001588	2734814	1480457	179820	760340	45567846	26314646	1857780	30201286	22725427	3570211	2528090	9052275	1996403	42823772	29107700
2021-06-26	72338395	406923	134071	272852	53179181	6167319	11121114	44828624	29380552	0.539	0.353	7644926	5826686	1124640	1761928	4910112	4346229	944820	1001588	2734814	1480457	179820	760340	45910418	26378225	1870781	30303637	22875544	3595742	2571577	9058464	2062650	42957843	29380552
2021-06-27	72629888	291493	89428	202065	53351740	6225378	11177868	44922173	29582617	0.540	0.356	7644926	5826686	1124640	1761928	4910112	4346229	944820	1001588	2734814	1480457	179820	760340	46175838	26403445	1874902	30370447	22981293	3614975	2610403	9061849	2116019	43047271	29582617
2021-06-28	73252598	622710	238965	383745	53746863	6315052	11291545	45185374	29966362	0.543	0.360	7644926	5826686	1124640	1761928	4910112	4346229	944820	1001588	2734814	1480457	179820	760340	46582054	26617843	1899138	30563499	23183364	3647180	2667872	9075557	2215988	43286236	29966362
2021-06-29	74176541	923943	382329	541614	54423676	6407568	11424117	45589745	30507976	0.548	0.367	7644926	5826686	1124640	1761928	4910112	4346229	944820	1001588	2734814	1480457	179820	760340	47005355	27113831	1921180	30901286	23522390	3680038	2727530	9087241	2336876	43668565	30507976
2021-06-30	75187380	1010839	442288	568551	55182313	6501253	11560341	46054326	31076527	0.554	0.374	7644926	5826686	1124640	1761928	4910112	4346229	944820	1001588	2734814	1480457	179820	760340	47426834	27697962	1943473	31294410	23887903	3714747	2786506	9101696	2458645	44110853	31076527
2021-07-01	76160704	973324	446166	527158	55917673	6584268	11693029	46522753	31603685	0.559	0.380	7644926	5826686	1124640	1761928	4910112	4346229	944820	1001588	2734814	1480457	179820	760340	47825589	28268207	1965734	31696610	24221063	3745209	2839059	9115200	2577829	44557019	31603685
2021-07-02	76997606	836902	373991	462911	56560038	6678581	11772037	46917960	32066596	0.564	0.386	7644926	5826686	1124640	1761928	4910112	4346229	944820	1001588	2734814	1480457	179820	760340	48217354	28709971	1986950	32029749	24530289	3776878	2901703	9124383	2647654	44931010	32066596
2021-07-03	77372854	375248	147722	227526	56813930	6757812	11799111	47080733	32294122	0.566	0.388	7644926	5826686	1124640	1761928	4910112	4346229	944820	1001588	2734814	1480457	179820	760340	48525605	28776252	2002001	32150151	24663779	3801415	2956397	9127166	2671945	45078732	32294122
2021-07-04	77645394	272540	92602	179938	56995228	6825954	11813633	47181913	32474060	0.567	0.390	7644926	5826686	1124640	1761928	4910112	4346229	944820	1001588	2734814	1480457	179820	760340	48770626	28803194	2010579	32222885	24772343	3819837	3006117	9128612	2685021	45171334	32474060
2021-07-05	78177086	531692	193710	337982	57378530	6920117	11853092	47390391	32812042	0.570	0.395	7644926	5826686	1124640	1761928	4910112	4346229	944820	1001588	2734814	1480457	179820	760340	49110263	28993153	2025347	32386305	24992225	3845792	3074325	9132947	2720145	45365044	32812042
2021-07-06	78946957	769871	267171	502700	57989143	7018774	11898187	47673068	33314742	0.573	0.401	7644926	5826686	1124640	1761928	4910112	4346229	944820	1001588	2734814	1480457	179820	760340	49446462	29423099	2040853	32623718	25365425	3871017	3147757	9137480	2760707	45632215	33314742
2021-07-07	79932991	986034	320211	665823	58810029	7113997	11949421	48011970	33980565	0.577	0.409	7644926	5826686	1124640	1761928	4910112	4346229	944820	1001588	2734814	1480457	179820	760340	49794267	30056482	2059544	32914000	25896029	3895555	3218442	9142871	2806550	45952426	33980565
2021-07-08	80769828	836837	260006	576831	59485026	7214435	11991934	48290865	34557396	0.581	0.416	7644926	5826686	1124640	1761928	4910112	4346229	944820	1001588	2734814	1480457	179820	760340	50131902	30551427	2078433	33147346	26337680	3917950	3296485	9147136	2844798	46212432	34557396
2021-07-09	81516969	747141	216831	530310	60070652	7312644	12034936	48528000	35087706	0.584	0.422	7644926	5826686	1124640	1761928	4910112	4346229	944820	1001588	2734814	1480457	179820	760340	50470003	30956968	2098737	33341946	26728706	3935747	3376897	9151570	2883366	46429263	35087706
2021-07-10	81857924	340955	95126	245829	60297008	7396700	12055864	48632741	35333535	0.585	0.425	7644926	5826686	1124640	1761928	4910112	4346229	944820	1001588	2734814	1480457	179820	760340	50742049	31025280	2108352	33417545	26879463	3953849	3442851	9152995	2902869	46524389	35333535
2021-07-11	82085381	227457	60922	166535	60442515	7460111	12066117	48701949	35500070	0.586	0.427	7644926	5826686	1124640	1761928	4910112	4346229	944820	1001588	2734814	1480457	179820	760340	50950212	31044204	2116638	33463235	26979280	3968615	3491496	9153461	2912656	46585311	35500070
2021-07-12	82546225	460844	149608	311236	60786947	7538607	12090033	48865557	35811306	0.588	0.431	7644926	5826686	1124640	1761928	4910112	4346229	944820	1001588	2734814	1480457	179820	760340	51212603	31240232	2130638	33582145	27204802	3997466	3541141	9155308	2934725	46734919	35811306
2021-07-13	83297098	750873	178041	572832	61406607	7615741	12124479	49063231	36384138	0.590	0.437	7644926	5826686	1124640	1761928	4910112	4346229	944820	1001588	2734814	1480457	179820	760340	51460217	31739362	2150271	33732048	27674559	4023366	3592375	9157546	2966933	46912960	36384138
2021-07-14	84253489	956391	199434	756957	62223627	7686576	12171360	49284320	37141095	0.593	0.447	7644926	5826686	1124640	1761928	4910112	4346229	944820	1001588	2734814	1480457	179820	760340	51722067	32429200	2171926	33906806	28316821	4044414	3642162	9161174	3010186	47112394	37141095
2021-07-15	84989850	736361	163541	572820	62832860	7754881	12209556	49468488	37713915	0.595	0.453	7644926	5826686	1124640	1761928	4910112	4346229	944820	1001588	2734814	1480457	179820	760340	51952317	32931568	2192553	34048926	28783934	4063049	3691832	9163960	3045596	47275935	37713915
