date	dosen_kumulativ	dosen_differenz_zum_vortag	dosen_erst_differenz_zum_vortag	dosen_zweit_differenz_zum_vortag	dosen_biontech_kumulativ	dosen_moderna_kumulativ	dosen_astrazeneca_kumulativ	personen_erst_kumulativ	personen_voll_kumulativ	impf_quote_erst	impf_quote_voll	indikation_alter_dosen	indikation_beruf_dosen	indikation_medizinisch_dosen	indikation_pflegeheim_dosen	indikation_alter_erst	indikation_beruf_erst	indikation_medizinisch_erst	indikation_pflegeheim_erst	indikation_alter_voll	indikation_beruf_voll	indikation_medizinisch_voll	indikation_pflegeheim_voll	dosen_dim_kumulativ	dosen_kbv_kumulativ	dosen_johnson_kumulativ	dosen_biontech_erst_kumulativ	dosen_biontech_zweit_kumulativ	dosen_moderna_erst_kumulativ	dosen_moderna_zweit_kumulativ	dosen_astrazeneca_erst_kumulativ	dosen_astrazeneca_zweit_kumulativ
2020-12-27	24087	24087	24073	14	24086	1	0	24073	14	0.000	0.000	10705	8657	1305	12604	10664	8590	1305	12536	41	67	0	68	24087	0	0	24072	14	1	0	0	0
2020-12-28	42647	18560	18522	38	42646	1	0	42595	52	0.001	0.000	18621	15788	1991	21344	18580	15721	1991	21276	41	67	0	68	42647	0	0	42594	52	1	0	0	0
2020-12-29	93467	50820	50092	728	93466	1	0	92687	780	0.001	0.000	34989	40734	3107	40508	34724	40420	3107	40099	265	314	0	409	93467	0	0	92686	780	1	0	0	0
2020-12-30	156473	63006	62884	122	156472	1	0	155571	902	0.002	0.000	55510	73365	4901	63206	55243	73050	4901	62794	267	315	0	412	156473	0	0	155570	902	1	0	0	0
2020-12-31	206661	50188	50039	149	206660	1	0	205610	1051	0.002	0.000	72831	96719	6752	83965	72517	96367	6752	83476	314	352	0	489	206661	0	0	205609	1051	1	0	0	0
2021-01-01	225595	18934	18927	7	225593	1	1	224537	1058	0.003	0.000	81208	105449	7830	92301	80894	105097	7830	91812	314	352	0	489	225595	0	0	224535	1058	1	0	1	0
2021-01-02	278131	52536	52253	283	278129	1	1	276790	1341	0.003	0.000	102774	129731	10350	113258	102365	129304	10350	112629	409	427	0	629	278131	0	0	276788	1341	1	0	1	0
2021-01-03	302029	23898	23893	5	302027	1	1	300683	1346	0.004	0.000	113044	140227	11284	123279	112635	139800	11284	122650	409	427	0	629	302029	0	0	300681	1346	1	0	1	0
2021-01-04	350201	48172	48121	51	350199	1	1	348804	1397	0.004	0.000	129646	164913	13951	139091	129237	164486	13951	138462	409	427	0	629	350201	0	0	348802	1397	1	0	1	0
2021-01-05	403966	53765	53737	28	403963	2	1	402541	1425	0.005	0.000	147987	192565	16489	157656	147576	192117	16489	157025	411	448	0	631	403966	0	0	402538	1425	2	0	1	0
2021-01-06	466634	62668	62660	8	466623	8	3	465201	1433	0.006	0.000	169498	225530	19910	180812	169086	225082	19910	180181	412	448	0	631	466634	0	0	465190	1433	8	0	3	0
2021-01-07	522718	56084	56075	9	522704	11	3	521276	1442	0.006	0.000	189172	254868	22957	197233	188758	254418	22957	196600	414	450	0	633	522718	0	0	521262	1442	11	0	3	0
2021-01-08	585771	63053	62730	323	585709	59	3	584006	1765	0.007	0.000	211521	287315	26324	218219	211009	286711	26320	217449	512	604	4	770	585771	0	0	583944	1765	59	0	3	0
2021-01-09	647209	61438	61391	47	647147	59	3	645397	1812	0.008	0.000	237322	313238	29007	243325	236798	312599	29003	242545	524	639	4	780	647209	0	0	645335	1812	59	0	3	0
2021-01-10	682722	35513	35504	9	682660	59	3	680901	1821	0.008	0.000	252455	327794	30379	256315	251929	327151	30375	255535	526	643	4	780	682722	0	0	680839	1821	59	0	3	0
2021-01-11	750323	67601	67549	52	750259	61	3	748450	1873	0.009	0.000	277513	359176	33587	276774	276967	358513	33583	275968	546	663	4	806	750323	0	0	748386	1873	61	0	3	0
2021-01-12	833056	82733	82673	60	832986	66	4	831123	1933	0.010	0.000	305695	401338	36582	301731	305147	400670	36578	300888	548	668	4	843	833056	0	0	831053	1933	66	0	4	0
2021-01-13	944864	111808	111610	198	943996	864	4	942733	2131	0.011	0.000	345167	458844	40485	337339	344574	458093	40466	336399	593	751	19	940	944864	0	0	941865	2131	864	0	4	0
2021-01-14	1028008	83144	82959	185	1022514	5490	4	1025692	2316	0.012	0.000	374803	501101	42769	361463	374094	500254	42750	360452	709	847	19	1011	1028008	0	0	1020242	2272	5446	44	4	0
2021-01-15	1119571	91563	90954	609	1108611	10951	9	1116646	2925	0.013	0.000	408725	545673	46728	389202	407810	544625	46700	387982	915	1048	28	1220	1119571	0	0	1105730	2881	10907	44	9	0
2021-01-16	1177144	57573	56667	906	1164403	12732	9	1173313	3831	0.014	0.000	432983	570627	48859	408798	431664	569232	48767	407047	1319	1395	92	1751	1177144	0	0	1160616	3787	12688	44	9	0
2021-01-17	1226143	48999	31656	17343	1212096	14037	10	1204969	21174	0.014	0.000	453449	591002	50884	428544	444215	583354	50014	417145	9234	7648	870	11399	1226143	0	0	1190966	21130	13993	44	10	0
2021-01-18	1308777	82634	66861	15773	1290693	18073	11	1271830	36947	0.015	0.000	482728	633883	53106	448900	467235	619730	51700	430238	15493	14153	1406	18662	1308777	0	0	1253791	36902	18028	45	11	0
2021-01-19	1426480	117703	82821	34882	1404885	21570	25	1354651	71829	0.016	0.001	519765	695968	56714	479843	492669	666683	54375	447938	27096	29285	2339	31905	1426480	0	0	1333106	71779	21520	50	25	0
2021-01-20	1558501	132021	80502	51519	1534138	24334	29	1435153	123348	0.017	0.001	568076	760039	60957	522078	522876	706310	57505	469463	45200	53729	3452	52615	1558501	0	0	1410840	123298	24284	50	29	0
2021-01-21	1666222	107721	65869	41852	1639147	27046	29	1501022	165200	0.018	0.002	610150	808503	65406	556195	549621	735602	60889	487988	60529	72901	4517	68207	1666222	0	0	1473997	165150	26996	50	29	0
2021-01-22	1770302	104080	68520	35560	1741132	29130	40	1569542	200760	0.019	0.002	654049	853889	69013	590642	579902	764987	63599	506975	74147	88902	5414	83667	1770302	0	0	1540424	200708	29078	52	40	0
2021-01-23	1855305	85003	40045	44958	1825751	29513	41	1609587	245718	0.019	0.003	691767	890989	72414	617916	599855	780966	64783	516268	91912	110023	7631	101648	1855305	0	0	1580085	245666	29461	52	41	0
2021-01-24	1904537	49232	26085	23147	1874735	29757	45	1635672	268865	0.020	0.003	715655	910067	73331	632982	614016	789814	65130	521524	101639	120253	8201	111458	1904537	0	0	1605922	268813	29705	52	45	0
2021-01-25	1996238	91701	53101	38600	1964711	31480	47	1688773	307465	0.020	0.004	756375	951632	76827	658117	642321	811974	66847	534304	114054	139658	9980	123813	1996238	0	0	1657298	307413	31428	52	47	0
2021-01-26	2094912	98674	50244	48430	2061727	33132	53	1739017	355895	0.021	0.004	796572	997196	80614	684405	667753	831436	68195	545278	128819	165760	12419	139127	2094912	0	0	1705888	355839	33076	56	53	0
2021-01-27	2206050	111138	51514	59624	2170901	35088	61	1790531	415519	0.022	0.005	839834	1049509	85786	715259	691463	852265	70042	556304	148371	197244	15744	158955	2206050	0	0	1755448	415453	35022	66	61	0
2021-01-28	2297280	91230	45125	46105	2260492	36724	64	1835656	461624	0.022	0.006	877990	1090332	89974	739697	713483	869115	71590	567469	164507	221217	18384	172228	2297280	0	0	1798952	461540	36640	84	64	0
2021-01-29	2406393	109113	51465	57648	2368194	38129	70	1887121	519272	0.023	0.006	920894	1138243	95507	769100	735839	888487	73819	578309	185055	249756	21688	190791	2406393	0	0	1849006	519188	38045	84	70	0
2021-01-30	2494898	88505	36345	52160	2455824	39003	71	1923466	571432	0.023	0.007	957412	1174692	99468	796433	752473	901967	75224	586328	204939	272725	24244	210105	2494898	0	0	1884477	571347	38918	85	71	0
2021-01-31	2551412	56514	25983	30531	2511960	39380	72	1949449	601963	0.023	0.007	982865	1196922	101575	812430	766590	910861	76411	592657	216275	286061	25164	219773	2551412	0	0	1910091	601869	39287	93	71	1
2021-02-01	2672060	120648	59158	61490	2630342	41590	128	2008607	663453	0.024	0.008	1026174	1260299	105285	839830	787193	944041	78273	602425	238981	316258	27012	237405	2672060	0	0	1966983	663359	41497	93	127	1
2021-02-02	2803824	131764	64213	67551	2759226	44457	141	2072820	731004	0.025	0.009	1069633	1330364	110479	870030	806216	982089	80866	611659	263417	348275	29613	258371	2803824	0	0	2028317	730909	44363	94	140	1
2021-02-03	2963456	159632	64232	95400	2912449	50843	164	2137052	826404	0.026	0.010	1128983	1407775	116405	912544	829819	1014401	83062	623312	299164	393374	33343	289232	2963456	0	0	2086142	826307	50747	96	163	1
2021-02-04	3095224	131768	61080	70688	3038341	56713	170	2198132	897092	0.026	0.011	1177986	1472437	120972	943857	851937	1046473	85311	632945	326049	425964	35661	310912	3095224	0	0	2141348	896993	56615	98	169	1
2021-02-05	3240020	144796	67666	77130	3176733	63109	178	2265798	974222	0.027	0.012	1232524	1542580	126293	977786	877231	1080338	86905	644262	355293	462242	39388	333524	3240020	0	0	2202611	974122	63011	98	176	2
2021-02-06	3340167	100147	47169	52978	3274352	65636	179	2312967	1027200	0.028	0.012	1272514	1588658	130853	1003590	896490	1101898	88782	653957	376024	486760	42071	349633	3340167	0	0	2247252	1027100	65538	98	177	2
2021-02-07	3394423	54256	28178	26078	3326209	68033	181	2341145	1053278	0.028	0.013	1298155	1609930	133571	1016823	910800	1112720	90015	659435	387355	497210	43556	357388	3394423	0	0	2273032	1053177	67934	99	179	2
2021-02-08	3504365	109942	53162	56780	3432156	72003	206	2394307	1110058	0.029	0.013	1350672	1655734	137545	1035599	942269	1129343	91902	666781	408403	526391	45643	368818	3504365	0	0	2322200	1109956	71903	100	204	2
2021-02-09	3638298	133933	59700	74233	3562041	75937	320	2454007	1184291	0.030	0.014	1411842	1714380	141993	1058512	978151	1147503	94639	674792	433691	566877	47354	383720	3638298	0	0	2378343	1183698	75346	591	318	2
2021-02-10	3790090	151792	75168	76624	3702781	79949	7360	2529175	1260915	0.030	0.015	1478760	1781046	146001	1087933	1017461	1175177	96286	685176	461299	605869	49715	402757	3790090	0	0	2443407	1259374	78410	1539	7358	2
2021-02-11	3931239	141149	73831	67318	3821337	87095	22805	2603008	1328233	0.031	0.016	1539776	1848576	151475	1113070	1052428	1208053	98713	694775	487348	640523	52762	418295	3931239	0	2	2497507	1323830	82702	4393	22797	8
2021-02-12	4088725	157486	81417	76069	3954609	96881	37231	2684427	1404302	0.032	0.017	1611268	1919253	157751	1138545	1094198	1240389	101429	704318	517070	678864	56322	434227	4088725	0	4	2559693	1394916	87509	9372	37221	10
2021-02-13	4196483	107758	62179	45579	4046297	100067	50114	2746607	1449881	0.033	0.017	1667599	1960972	162355	1156080	1129093	1262877	103231	711418	538506	698095	59124	444662	4196483	0	5	2607350	1438947	89156	10911	50096	18
2021-02-14	4261773	65290	40022	25268	4101883	102511	57373	2786630	1475149	0.034	0.018	1706122	1983696	163973	1164146	1153761	1276081	104081	714928	552361	707615	59892	449218	4261773	0	6	2638892	1462991	90398	12113	57334	39
2021-02-15	4388629	126856	71242	55614	4208961	107474	72187	2857873	1530763	0.034	0.018	1773591	2031897	168008	1183418	1194859	1300739	106358	721524	578732	731158	61650	461894	4388629	0	7	2693139	1515822	92590	14884	72137	50
2021-02-16	4525268	136639	82015	54624	4316211	113214	95835	2939889	1585387	0.035	0.019	1839625	2089928	170683	1200400	1236633	1336138	107879	728440	602992	753790	62804	471960	4525268	0	8	2748878	1567333	95226	17988	95777	58
2021-02-17	4674504	149236	93565	55671	4438006	120925	115564	3033455	1641058	0.036	0.020	1920033	2147919	175770	1221928	1292995	1368705	110873	736858	627038	779214	64897	485070	4674504	0	9	2818041	1619965	99904	21021	115501	63
2021-02-18	4817211	142707	91469	51238	4549065	128874	139262	3124925	1692296	0.038	0.020	1995907	2206102	179208	1240945	1345328	1403985	112659	744258	650579	802117	66549	496687	4817211	0	10	2881328	1667737	104392	24482	139195	67
2021-02-19	4971866	154655	99870	54785	4668324	138813	164718	3224796	1747081	0.039	0.021	2076668	2266444	184080	1258305	1402958	1440066	115287	750941	673710	826378	68793	507364	4971866	0	11	2948844	1719480	111297	27516	164644	74
2021-02-20	5085281	113415	76315	37100	4755560	143339	186370	3301112	1784181	0.040	0.021	2138268	2310157	187738	1272296	1445964	1469322	117533	755178	692304	840835	70205	517118	5085281	0	12	2999519	1756041	115295	28044	186286	84
2021-02-21	5171434	86153	57042	29111	4823187	146567	201667	3358155	1813292	0.040	0.022	2187054	2340674	190304	1282667	1479917	1489494	118664	757407	707137	851180	71640	525260	5171434	0	13	3038198	1784989	118364	28203	201580	87
2021-02-22	5331791	160357	100246	60111	4949328	155665	226784	3458402	1873403	0.042	0.023	2266701	2410287	195201	1300517	1538362	1525084	121627	763642	728339	885203	73574	536875	5331791	0	14	3106053	1843275	125650	30015	226685	99
2021-02-23	5498962	167171	107405	59766	5081856	162824	254267	3565808	1933169	0.043	0.023	2346910	2483166	200501	1318387	1598211	1563793	124757	771284	748699	919373	75744	547103	5498962	0	15	3180485	1901371	131148	31676	254160	107
2021-02-24	5674965	176003	116418	59585	5214705	170600	289644	3682227	1992754	0.044	0.024	2431789	2557990	207079	1337422	1660503	1608669	128907	778912	771286	949321	78172	558510	5674965	0	16	3255448	1959257	137237	33363	289526	118
2021-02-25	5864363	189398	130871	58527	5345931	177304	341112	3813098	2051281	0.046	0.025	2514175	2648479	213515	1355541	1722988	1667176	133470	787131	791187	981303	80045	568410	5864363	0	16	3329609	2016322	142489	34815	340984	128
2021-02-26	6074215	209852	144451	65401	5486214	186139	401846	3957549	2116682	0.048	0.025	2602819	2749814	220591	1375230	1787946	1735795	138593	794627	814873	1014019	81998	580603	6074215	0	16	3406154	2080060	149685	36454	401694	152
2021-02-27	6222824	148609	108599	40010	5579035	190341	453432	4066148	2156692	0.049	0.026	2666475	2822116	227301	1388101	1833818	1790224	143432	799030	832657	1031892	83869	589071	6222824	0	16	3459737	2119298	153123	37218	453272	160
2021-02-28	6330914	108090	83800	24290	5641431	194292	495175	4149948	2180982	0.050	0.026	2714700	2875405	231582	1394762	1868893	1834535	146785	801170	845807	1040870	84797	593592	6330914	0	16	3498205	2143226	156722	37570	495005	170
2021-03-01	6526762	195848	146483	49365	5770080	203701	552965	4296431	2230347	0.052	0.027	2817221	2953369	239381	1408021	1943445	1896228	153263	806209	873776	1057141	86118	601812	6526762	0	16	3579525	2190555	164108	39593	552782	183
2021-03-02	6746854	220092	166408	53684	5910692	213867	622279	4462839	2284031	0.054	0.027	2927307	3047588	248982	1422628	2022735	1971725	160632	812692	904572	1075863	88350	609936	6746854	0	16	3669281	2241411	171460	42407	622082	197
2021-03-03	6990679	243825	174762	69063	6067614	227711	695338	4637601	2353094	0.056	0.028	3047976	3148969	260606	1439862	2105531	2048823	170041	819606	942445	1100146	90565	620256	6990679	0	16	3762642	2304972	179876	47835	695067	271
2021-03-04	7233856	243177	180495	62682	6210014	241766	782060	4818096	2415776	0.058	0.029	3159240	3258741	272992	1455625	2181653	2136963	180034	825002	977587	1121778	92958	630623	7233856	0	16	3847619	2362395	188730	53036	781731	329
2021-03-05	7503027	269171	201755	67416	6357288	255097	890626	5019851	2483192	0.060	0.030	3277185	3383782	287941	1471072	2258903	2242620	191990	830697	1018282	1141162	95951	640375	7503027	0	16	3933356	2423932	196224	58873	890255	371
2021-03-06	7705510	202483	153195	49288	6468056	263688	973750	5173046	2532480	0.062	0.030	3366696	3478463	298371	1480590	2314602	2325555	200824	833966	1052094	1152908	97547	646624	7705510	0	16	3997053	2471003	202620	61068	973357	393
2021-03-07	7855886	150376	115919	34457	6550540	270418	1034912	5288965	2566937	0.064	0.031	3437978	3544531	306478	1486155	2360956	2383880	208082	835928	1077022	1160651	98396	650227	7855886	0	16	4047436	2503104	207009	63409	1034504	408
2021-03-08	8095120	239234	186728	52506	6686272	281425	1127407	5475693	2619443	0.066	0.031	3556806	3640371	322827	1498475	2442587	2468035	222757	841890	1114219	1172336	100070	656585	8095120	0	16	4134037	2552235	214672	66753	1126968	439
2021-03-09	8345595	250475	195723	54752	6826419	294285	1224875	5671416	2674195	0.068	0.032	3677710	3742787	340236	1512022	2524321	2558568	238262	848791	1153389	1184219	101974	663231	8345595	0	16	4222846	2603573	224171	70114	1224383	492
2021-03-10	8629369	283774	218091	65683	6984081	305738	1339534	5889507	2739878	0.071	0.033	3808598	3856306	360962	1530389	2606688	2661880	256906	860000	1201910	1194426	104056	670389	8628398	971	16	4317974	2666107	232523	73215	1338994	540
2021-03-11	8911000	281631	220733	60898	7133177	318965	1458842	6110240	2800776	0.073	0.034	3937470	3976178	382106	1544008	2689957	2769533	276555	867677	1247513	1206645	105551	676331	8909374	1626	16	4410469	2722708	241507	77458	1458248	594
2021-03-12	9235209	324209	252547	71662	7286103	336537	1612553	6362787	2872438	0.077	0.035	4071484	4127850	404783	1559463	2770420	2906954	297406	877132	1301064	1220896	107377	682331	9233373	1836	16	4496741	2789362	254349	82188	1611681	872
2021-03-13	9481783	246574	197131	49443	7400808	346286	1734673	6559918	2921881	0.079	0.035	4181046	4240796	425293	1567511	2840453	3011727	316755	881879	1340593	1229069	108538	685632	9479791	1992	16	4563416	2837392	262732	83554	1733754	919
2021-03-14	9653000	171217	135225	35992	7490325	351432	1811227	6695143	2957873	0.081	0.036	4266043	4307307	441408	1570975	2896461	3072888	331859	883676	1369582	1234419	109549	687299	9650998	2002	16	4617927	2872398	266908	84524	1810292	935
2021-03-15	9901285	248285	189425	58860	7642725	363848	1894696	6884568	3016733	0.083	0.036	4400463	4391447	461474	1582289	2984151	3147219	350790	890548	1416312	1244228	110684	691741	9899000	2285	16	4713172	2929553	277697	86151	1893683	1013
2021-03-16	10080462	179177	112157	67020	7808867	374958	1896621	6996725	3083753	0.084	0.037	4527474	4426082	473886	1593025	3059300	3169255	361553	895647	1468174	1256827	112333	697378	10077630	2832	16	4814632	2994235	286471	88487	1895606	1015
2021-03-17	10285695	205233	125754	79479	7994645	392994	1898040	7122479	3163232	0.086	0.038	4672447	4463838	487350	1605072	3141952	3193652	373040	902175	1530495	1270186	114310	702897	10282246	3449	16	4925695	3068950	299747	93247	1897021	1019
2021-03-18	10480409	194714	119368	75346	8169553	411223	1899617	7241847	3238578	0.087	0.039	4812398	4498757	499905	1615322	3222615	3215628	383588	907340	1589783	1283129	116317	707982	10476537	3872	16	5030329	3139224	312906	98317	1898596	1021
2021-03-19	10724372	243963	161123	82840	8354188	431819	1938349	7402970	3321418	0.089	0.040	4961948	4563922	518114	1627194	3306761	3267408	399605	914537	1655187	1296514	118509	712657	10719969	4403	16	5138864	3215324	326842	104977	1937248	1101
2021-03-20	10944622	220250	166366	53884	8490713	447128	2006765	7569336	3375302	0.091	0.041	5078536	4641917	537715	1633319	3379545	3337212	417708	917920	1698991	1304705	120007	715399	10939895	4727	16	5225242	3265471	338455	108673	2005623	1142
2021-03-21	11110720	166098	127338	38760	8595350	456344	2059010	7696674	3414062	0.093	0.041	5171749	4694283	554274	1635819	3440184	3384099	433219	919244	1731565	1310184	121055	716575	11105993	4727	16	5294140	3301210	344674	111670	2057844	1166
2021-03-22	11376935	266215	190055	76160	8761054	480013	2135852	7886729	3490222	0.095	0.042	5329624	4766248	576579	1645397	3534739	3445389	453483	925279	1794885	1320859	123096	720118	11370680	6255	16	5391292	3369762	360801	119212	2134620	1232
2021-03-23	11674873	297938	214176	83762	8941344	500280	2233233	8100905	3573984	0.097	0.043	5490190	4854892	604288	1656865	3629814	3521119	478432	932910	1860376	1333773	125856	723955	11663630	11243	16	5493209	3448135	375767	124513	2231913	1320
2021-03-24	12008991	334118	245811	88307	9138591	533445	2336939	8346716	3662291	0.100	0.044	5664852	4952071	635971	1672375	3732242	3605792	507202	944863	1932610	1346279	128769	727512	11991956	17035	16	5607735	3530856	403420	130025	2335545	1394
2021-03-25	12346592	337601	257453	80148	9327069	560775	2458732	8604169	3742439	0.103	0.045	5830941	5060081	670798	1683452	3832663	3703768	539527	951994	1998278	1356313	131271	731458	12323612	22980	16	5721934	3605135	424971	135804	2457248	1484
2021-03-26	12721399	374807	286047	88760	9528949	597196	2595238	8890216	3831199	0.107	0.046	6003833	5184282	710463	1698535	3933360	3816071	576057	962322	2070473	1368211	134406	736213	12692105	29294	16	5841783	3687166	454760	142436	2593657	1581
2021-03-27	13008253	286854	223698	63156	9680923	624600	2702714	9113914	3894355	0.110	0.047	6147056	5279869	744190	1703356	4023632	3903670	607441	965464	2123424	1376199	136749	737892	12976609	31644	16	5934012	3746911	478821	145779	2701065	1649
2021-03-28	13205175	196922	144186	52736	9798657	643128	2763374	9258100	3947091	0.111	0.047	6253046	5333384	768116	1706823	4085867	3950861	629648	967502	2167179	1382523	138468	739321	13173340	31835	16	6002332	3796325	494074	149054	2761678	1696
2021-03-29	13514078	308903	219863	89040	9986518	669177	2858367	9477963	4036131	0.114	0.049	6418833	5404751	806706	1716518	4180272	4010842	665103	973637	2238561	1393909	141603	742881	13476295	37783	16	6108517	3878001	512815	156362	2856615	1752
2021-03-30	13842731	328653	235303	93350	10202522	695531	2944662	9713266	4129481	0.117	0.050	6591913	5474211	853024	1727240	4280843	4069380	706095	981320	2311070	1404831	146929	745920	13792812	49919	16	6238759	3963763	531648	163883	2942843	1819
2021-03-31	14184379	341648	238546	103102	10452092	733894	2998377	9951812	4232583	0.120	0.051	6774517	5538855	899988	1738789	4384637	4121392	747318	988525	2389880	1417463	152670	750264	14118145	66234	16	6394136	4057956	561139	172755	2996521	1856
2021-04-01	14508491	324112	231709	92403	10688218	766558	3053699	10183521	4324986	0.122	0.052	6936269	5606629	944397	1747554	4476928	4175958	787230	994147	2459341	1430671	157167	753407	14422178	86313	16	6546489	4141729	585215	181343	3051801	1898
2021-04-02	14738525	230034	158456	71578	10869699	783219	3085591	10341977	4396564	0.124	0.053	7067172	5654574	981393	1749910	4552089	4213818	820223	995356	2515083	1440756	161170	754554	14650688	87837	16	6661879	4207820	596411	186808	3083671	1920
2021-04-03	14970557	232032	166022	66010	11043310	800419	3126812	10507999	4462574	0.126	0.054	7198861	5698683	1018737	1753036	4633025	4248782	853330	997097	2565836	1449901	165407	755939	14881321	89236	16	6774864	4268446	608260	192159	3124859	1953
2021-04-04	15166685	196128	142598	53530	11178668	811550	3176451	10650597	4516104	0.128	0.054	7309766	5731715	1048001	1754173	4704262	4274251	879171	997551	2605504	1457464	168830	756622	15077313	89372	16	6860930	4317738	615194	196356	3174457	1994
2021-04-05	15416375	249690	176317	73373	11347028	829476	3239855	10826914	4589477	0.130	0.055	7456036	5770066	1081529	1756372	4794323	4302940	907924	998846	2661713	1467126	173605	757526	15325693	90682	16	6961227	4385801	627846	201630	3237825	2030
2021-04-06	15795062	378687	279647	99040	11605239	862769	3327038	11106561	4688517	0.134	0.056	7644926	5826686	1124640	1761928	4910112	4346229	944820	1001588	2734814	1480457	179820	760340	15667753	127309	16	7129213	4476026	652403	210366	3324929	2109
2021-04-07	16473339	678277	581227	97050	12147726	898862	3426735	11687788	4785567	0.141	0.058	7644926	5826686	1124640	1761928	4910112	4346229	944820	1001588	2734814	1480457	179820	760340	16040366	432973	16	7582943	4564783	680294	218568	3424535	2200
2021-04-08	17206548	733209	643515	89694	12721473	934200	3550859	12331303	4875261	0.148	0.059	7644926	5826686	1124640	1761928	4910112	4346229	944820	1001588	2734814	1480457	179820	760340	16448697	757851	16	8076128	4645345	706569	227631	3548590	2269
2021-04-09	17829756	623208	534797	88411	13208726	969821	3651193	12866100	4963672	0.155	0.060	7644926	5826686	1124640	1761928	4910112	4346229	944820	1001588	2734814	1480457	179820	760340	16832402	997354	16	8486226	4722500	731029	238792	3648829	2364
2021-04-10	18198307	368551	303039	65512	13454614	992975	3750702	13169139	5029184	0.158	0.060	7644926	5826686	1124640	1761928	4910112	4346229	944820	1001588	2734814	1480457	179820	760340	17167907	1030400	16	8674310	4780304	746550	246425	3748263	2439
2021-04-11	18459014	260707	210676	50031	13622542	1011028	3825428	13379815	5079215	0.161	0.061	7644926	5826686	1124640	1761928	4910112	4346229	944820	1001588	2734814	1480457	179820	760340	17423535	1035479	16	8795964	4826578	760896	250132	3822939	2489
2021-04-12	18875218	416204	339300	76904	13901753	1039828	3933621	13719115	5156119	0.165	0.062	7644926	5826686	1124640	1761928	4910112	4346229	944820	1001588	2734814	1480457	179820	760340	17791232	1083986	16	9007060	4894693	780981	258847	3931058	2563
2021-04-13	19446755	571537	498023	73514	14330957	1066625	4049157	14217138	5229633	0.171	0.063	7644926	5826686	1124640	1761928	4910112	4346229	944820	1001588	2734814	1480457	179820	760340	18166639	1280116	16	9368430	4962527	802288	264337	4046404	2753
2021-04-14	20221150	774395	690888	83507	14948308	1100258	4172568	14908026	5313140	0.179	0.064	7644926	5826686	1124640	1761928	4910112	4346229	944820	1001588	2734814	1480457	179820	760340	18567237	1653913	16	9911496	5036812	827265	272993	4169249	3319
2021-04-15	20901295	680145	609256	70889	15481428	1136714	4283137	15517282	5384029	0.187	0.065	7644926	5826686	1124640	1761928	4910112	4346229	944820	1001588	2734814	1480457	179820	760340	18951753	1949542	16	10383553	5097875	854853	281861	4278860	4277
2021-04-16	21495188	593893	518534	75359	15918665	1168211	4408296	16035816	5459388	0.193	0.066	7644926	5826686	1124640	1761928	4910112	4346229	944820	1001588	2734814	1480457	179820	760340	19350807	2144381	16	10755143	5163522	877483	290728	4403174	5122
2021-04-17	21857785	362597	306069	56528	16142449	1190404	4524916	16341885	5515916	0.196	0.066	7644926	5826686	1124640	1761928	4910112	4346229	944820	1001588	2734814	1480457	179820	760340	19691600	2166185	16	10930982	5211467	892564	297840	4518323	6593
2021-04-18	22124077	266292	227088	39204	16313935	1204824	4605302	16568973	5555120	0.199	0.067	7644926	5826686	1124640	1761928	4910112	4346229	944820	1001588	2734814	1480457	179820	760340	19953281	2170796	16	11068221	5245714	903125	301699	4597611	7691
2021-04-19	22523431	399354	338536	60818	16603743	1236721	4682950	16907510	5615938	0.203	0.068	7644926	5826686	1124640	1761928	4910112	4346229	944820	1001588	2734814	1480457	179820	760340	20308304	2215127	17	11306295	5297448	927200	309521	4673998	8952
2021-04-20	23078955	555524	493860	61664	16982096	1274622	4822220	17401370	5677602	0.209	0.068	7644926	5826686	1124640	1761928	4910112	4346229	944820	1001588	2734814	1480457	179820	760340	20669377	2409578	17	11631284	5350812	958815	315807	4811254	10966
2021-04-21	23792690	713735	641982	71753	17431744	1314162	5046767	18043352	5749355	0.217	0.069	7644926	5826686	1124640	1761928	4910112	4346229	944820	1001588	2734814	1480457	179820	760340	21043964	2748726	17	12019332	5412412	990665	323497	5033338	13429
2021-04-22	24426830	634140	568026	66114	17811922	1355668	5259223	18611378	5815469	0.224	0.070	7644926	5826686	1124640	1761928	4910112	4346229	944820	1001588	2734814	1480457	179820	760340	21410845	3015985	17	12344298	5467624	1024874	330794	5242189	17034
2021-04-23	24977935	551105	483569	67536	18162112	1398426	5417380	19094947	5883005	0.230	0.071	7644926	5826686	1124640	1761928	4910112	4346229	944820	1001588	2734814	1480457	179820	760340	21793755	3184180	17	12640470	5521642	1057705	340721	5396755	20625
2021-04-24	25347157	369222	309406	59816	18400843	1448072	5498225	19404353	5942821	0.233	0.071	7644926	5826686	1124640	1761928	4910112	4346229	944820	1001588	2734814	1480457	179820	760340	22146066	3201091	17	12837298	5563545	1091874	356198	5475164	23061
2021-04-25	25630412	283255	235503	47752	18588468	1481976	5559951	19639856	5990573	0.236	0.072	7644926	5826686	1124640	1761928	4910112	4346229	944820	1001588	2734814	1480457	179820	760340	22423507	3206905	17	12988808	5599660	1116031	365945	5535000	24951
2021-04-26	26058424	428012	354788	73224	18903836	1523215	5631294	19994706	6063797	0.240	0.073	7644926	5826686	1124640	1761928	4910112	4346229	944820	1001588	2734814	1480457	179820	760340	22764927	3293497	79	13243450	5660386	1148702	374513	5602475	28819
2021-04-27	26842461	784037	693600	90437	19579668	1574639	5687621	20688760	6154234	0.249	0.074	7644926	5826686	1124640	1761928	4910112	4346229	944820	1001588	2734814	1480457	179820	760340	23134084	3708377	533	13842959	5736709	1190973	383666	5654295	33326
2021-04-28	27963114	1120653	993572	127081	20587386	1633480	5741002	21683045	6281315	0.261	0.076	7644926	5826686	1124640	1761928	4910112	4346229	944820	1001588	2734814	1480457	179820	760340	23525654	4437460	1246	14741735	5845651	1237582	395898	5702482	38520
2021-04-29	28904278	941164	808396	132768	21409168	1695459	5797528	22492318	6414083	0.270	0.077	7644926	5826686	1124640	1761928	4910112	4346229	944820	1001588	2734814	1480457	179820	760340	23908750	4995528	2123	15451504	5957664	1287553	407906	5751138	46390
2021-04-30	29704207	799929	662260	137669	22085233	1751931	5864093	23155405	6551752	0.278	0.079	7644926	5826686	1124640	1761928	4910112	4346229	944820	1001588	2734814	1480457	179820	760340	24308833	5395374	2950	16015161	6070072	1329030	422901	5808264	55829
2021-05-01	30039621	335414	259077	76337	22337632	1792497	5903973	23417051	6628089	0.282	0.080	7644926	5826686	1124640	1761928	4910112	4346229	944820	1001588	2734814	1480457	179820	760340	24619597	5420024	5519	16206172	6131460	1363285	429212	5842075	61898
2021-05-02	30302861	263240	195346	67894	22532661	1829699	5933180	23614199	6695983	0.284	0.081	7644926	5826686	1124640	1761928	4910112	4346229	944820	1001588	2734814	1480457	179820	760340	24875182	5427679	7321	16345155	6187506	1395145	434554	5866578	66602
2021-05-03	30752434	449573	333896	115677	22848912	1898824	5995894	23949578	6811660	0.288	0.082	7644926	5826686	1124640	1761928	4910112	4346229	944820	1001588	2734814	1480457	179820	760340	25230895	5521539	8804	16570697	6278215	1451423	447401	5918654	77240
2021-05-04	31592284	839850	678381	161469	23473490	1960861	6146393	24630695	6973129	0.296	0.084	7644926	5826686	1124640	1761928	4910112	4346229	944820	1001588	2734814	1480457	179820	760340	25603493	5988791	11540	17063633	6409857	1500147	460714	6055375	91018
2021-05-05	32726878	1134594	908348	226246	24316150	2037546	6357993	25542692	7199375	0.307	0.087	7644926	5826686	1124640	1761928	4910112	4346229	944820	1001588	2734814	1480457	179820	760340	26012123	6714755	15189	17725302	6590848	1551881	485665	6250320	107673
2021-05-06	33705257	978379	761017	217362	25001543	2127393	6558184	26306657	7416737	0.316	0.089	7644926	5826686	1124640	1761928	4910112	4346229	944820	1001588	2734814	1480457	179820	760340	26415391	7289866	18137	18236566	6764977	1620603	506790	6431351	126833
2021-05-07	34581157	875900	645738	230162	25580195	2210971	6768772	26955477	7646899	0.324	0.092	7644926	5826686	1124640	1761928	4910112	4346229	944820	1001588	2734814	1480457	179820	760340	26847275	7733882	21219	18645942	6934253	1674626	536345	6613690	155082
2021-05-08	35003047	421890	269119	152771	25846829	2281805	6851928	27225862	7799670	0.327	0.094	7644926	5826686	1124640	1761928	4910112	4346229	944820	1001588	2734814	1480457	179820	760340	27208674	7794373	22485	18800102	7046727	1725655	556150	6677620	174308
2021-05-09	35286262	283215	181283	101932	26040636	2337630	6884448	27408208	7901602	0.330	0.095	7644926	5826686	1124640	1761928	4910112	4346229	944820	1001588	2734814	1480457	179820	760340	27480854	7805408	23548	18914445	7126191	1770507	567123	6699708	184740
2021-05-10	35868025	581763	391489	190274	26410991	2415722	7014123	27803338	8091876	0.334	0.097	7644926	5826686	1124640	1761928	4910112	4346229	944820	1001588	2734814	1480457	179820	760340	27873719	7994306	27189	19143421	7267570	1828240	587482	6804488	209635
2021-05-11	36943779	1075754	793544	282210	27230079	2493822	7189642	28599929	8374086	0.344	0.101	7644926	5826686	1124640	1761928	4910112	4346229	944820	1001588	2734814	1480457	179820	760340	28295778	8648001	30236	19734080	7495999	1883934	609888	6951679	237963
2021-05-12	38344253	1400474	1041516	358958	28315918	2579696	7413677	29646171	8733044	0.356	0.105	7644926	5826686	1124640	1761928	4910112	4346229	944820	1001588	2734814	1480457	179820	760340	28740269	9603984	34962	20527010	7788908	1941122	638574	7143077	270600
2021-05-13	38765401	421148	264750	156398	28624705	2646054	7457620	29912981	8889442	0.360	0.107	7644926	5826686	1124640	1761928	4910112	4346229	944820	1001588	2734814	1480457	179820	760340	29087938	9677463	37022	20711846	7912859	1992051	654003	7172062	285558
2021-05-14	39508615	743214	519627	223587	29160344	2709197	7595245	30439415	9113029	0.366	0.110	7644926	5826686	1124640	1761928	4910112	4346229	944820	1001588	2734814	1480457	179820	760340	29479815	10028800	43829	21072295	8088049	2040066	669131	7283225	312020
2021-05-15	39899260	390645	230066	160579	29432535	2767569	7651137	30673671	9273608	0.369	0.112	7644926	5826686	1124640	1761928	4910112	4346229	944820	1001588	2734814	1480457	179820	760340	29822794	10076466	48019	21226591	8205944	2082051	685518	7317010	334127
2021-05-16	40175447	276187	157983	118204	29627895	2819389	7675574	30836224	9391812	0.371	0.113	7644926	5826686	1124640	1761928	4910112	4346229	944820	1001588	2734814	1480457	179820	760340	30082976	10092471	52589	21331392	8296503	2123985	695404	7328258	347316
2021-05-17	40719084	543637	344720	198917	29960899	2900354	7795156	31191030	9590729	0.375	0.115	7644926	5826686	1124640	1761928	4910112	4346229	944820	1001588	2734814	1480457	179820	760340	30457295	10261789	62675	21522702	8438197	2181868	718486	7423785	371371
2021-05-18	41585161	866077	515580	350497	30549075	3000627	7965511	31713883	9941226	0.381	0.120	7644926	5826686	1124640	1761928	4910112	4346229	944820	1001588	2734814	1480457	179820	760340	30868368	10716793	69948	21820426	8728649	2254550	746077	7568959	396552
2021-05-19	42668727	1083566	559677	523889	31347318	3095443	8144906	32284672	10465115	0.388	0.126	7644926	5826686	1124640	1761928	4910112	4346229	944820	1001588	2734814	1480457	179820	760340	31272156	11396571	81060	22162673	9184645	2318773	776670	7722166	422740
2021-05-20	43592208	923481	449731	473750	32015820	3187351	8297869	32744511	10938865	0.394	0.132	7644926	5826686	1124640	1761928	4910112	4346229	944820	1001588	2734814	1480457	179820	760340	31664694	11927514	91168	22421484	9594336	2380937	806414	7850922	446947
2021-05-21	44402296	810088	396775	413313	32588709	3263015	8449564	33151126	11352178	0.399	0.136	7644926	5826686	1124640	1761928	4910112	4346229	944820	1001588	2734814	1480457	179820	760340	32052062	12350234	101008	22640060	9948649	2432957	830058	7977101	472463
2021-05-22	44854042	451746	209082	242664	32879240	3330634	8530951	33372417	11594842	0.401	0.139	7644926	5826686	1124640	1761928	4910112	4346229	944820	1001588	2734814	1480457	179820	760340	32374878	12479164	113217	22736202	10143038	2479056	851578	8043942	487009
2021-05-23	45112000	257958	114679	143279	33049049	3388194	8553415	33495221	11738121	0.403	0.141	7644926	5826686	1124640	1761928	4910112	4346229	944820	1001588	2734814	1480457	179820	760340	32614715	12497285	121342	22793670	10255379	2521765	866429	8058444	494971
2021-05-24	45399574	287574	129123	158451	33252184	3447133	8573988	33629271	11896572	0.404	0.143	7644926	5826686	1124640	1761928	4910112	4346229	944820	1001588	2734814	1480457	179820	760340	32886764	12512810	126269	22865794	10386390	2566223	880910	8070985	503003
