date	dosen_kumulativ	dosen_differenz_zum_vortag	dosen_erst_differenz_zum_vortag	dosen_zweit_differenz_zum_vortag	dosen_biontech_kumulativ	dosen_moderna_kumulativ	dosen_astrazeneca_kumulativ	personen_erst_kumulativ	personen_voll_kumulativ	impf_quote_erst	impf_quote_voll	indikation_alter_dosen	indikation_beruf_dosen	indikation_medizinisch_dosen	indikation_pflegeheim_dosen	indikation_alter_erst	indikation_beruf_erst	indikation_medizinisch_erst	indikation_pflegeheim_erst	indikation_alter_voll	indikation_beruf_voll	indikation_medizinisch_voll	indikation_pflegeheim_voll	dosen_dim_kumulativ	dosen_kbv_kumulativ	dosen_johnson_kumulativ	dosen_biontech_erst_kumulativ	dosen_biontech_zweit_kumulativ	dosen_moderna_erst_kumulativ	dosen_moderna_zweit_kumulativ	dosen_astrazeneca_erst_kumulativ	dosen_astrazeneca_zweit_kumulativ	dosen_erst_kumulativ	dosen_zweit_kumulativ
2020-12-27	24089	24089	24076	13	24087	2	0	24076	13	0.000	0.000	10705	8657	1305	12604	10664	8590	1305	12536	41	67	0	68	24089	0	0	24074	13	2	0	0	0	24076	13
2020-12-28	42082	17993	17832	161	42080	2	0	41908	174	0.001	0.000	18621	15788	1991	21344	18580	15721	1991	21276	41	67	0	68	42082	0	0	41906	174	2	0	0	0	41908	174
2020-12-29	92096	50014	49280	734	92093	2	1	91188	908	0.001	0.000	34989	40734	3107	40508	34724	40420	3107	40099	265	314	0	409	92096	0	0	91185	908	2	0	1	0	91188	908
2020-12-30	155589	63493	63355	138	155586	2	1	154543	1046	0.002	0.000	55510	73365	4901	63206	55243	73050	4901	62794	267	315	0	412	155589	0	0	154540	1046	2	0	1	0	154543	1046
2020-12-31	205279	49690	49601	89	205276	2	1	204144	1135	0.002	0.000	72831	96719	6752	83965	72517	96367	6752	83476	314	352	0	489	205279	0	0	204141	1135	2	0	1	0	204144	1135
2021-01-01	230632	25353	25344	9	230621	7	4	229488	1144	0.003	0.000	81208	105449	7830	92301	80894	105097	7830	91812	314	352	0	489	230632	0	0	229478	1143	7	0	3	1	229488	1144
2021-01-02	278579	47947	47661	286	278568	7	4	277149	1430	0.003	0.000	102774	129731	10350	113258	102365	129304	10350	112629	409	427	0	629	278579	0	0	277139	1429	7	0	3	1	277149	1430
2021-01-03	300991	22412	22407	5	300979	8	4	299556	1435	0.004	0.000	113044	140227	11284	123279	112635	139800	11284	122650	409	427	0	629	300991	0	0	299545	1434	8	0	3	1	299556	1435
2021-01-04	346838	45847	45751	96	346825	9	4	345307	1531	0.004	0.000	129646	164913	13951	139091	129237	164486	13951	138462	409	427	0	629	346838	0	0	345295	1530	9	0	3	1	345307	1531
2021-01-05	399066	52228	51891	337	399052	10	4	397198	1868	0.005	0.000	147987	192565	16489	157656	147576	192117	16489	157025	411	448	0	631	399066	0	0	397185	1867	10	0	3	1	397198	1868
2021-01-06	461581	62515	62422	93	461558	16	7	459620	1961	0.006	0.000	169498	225530	19910	180812	169086	225082	19910	180181	412	448	0	631	461581	0	0	459599	1959	16	0	5	2	459620	1961
2021-01-07	516164	54583	54562	21	516136	19	9	514182	1982	0.006	0.000	189172	254868	22957	197233	188758	254418	22957	196600	414	450	0	633	516164	0	0	514156	1980	19	0	7	2	514182	1982
2021-01-08	578379	62215	62107	108	578299	70	10	576289	2090	0.007	0.000	211521	287315	26324	218219	211009	286711	26320	217449	512	604	4	770	578379	0	0	576211	2088	70	0	8	2	576289	2090
2021-01-09	638384	60005	59857	148	638300	73	11	636146	2238	0.008	0.000	237322	313238	29007	243325	236798	312599	29003	242545	524	639	4	780	638384	0	0	636065	2235	73	0	8	3	636146	2238
2021-01-10	674116	35732	35583	149	674024	81	11	671729	2387	0.008	0.000	252455	327794	30379	256315	251929	327151	30375	255535	526	643	4	780	674116	0	0	671641	2383	80	1	8	3	671729	2387
2021-01-11	741930	67814	67712	102	741822	95	13	739441	2489	0.009	0.000	277513	359176	33587	276774	276967	358513	33583	275968	546	663	4	806	741930	0	0	739343	2479	88	7	10	3	739441	2489
2021-01-12	820477	78547	78483	64	820353	110	14	817924	2553	0.010	0.000	305695	401338	36582	301731	305147	400670	36578	300888	548	668	4	843	820477	0	0	817811	2542	103	7	10	4	817924	2553
2021-01-13	931698	111221	111020	201	930406	1278	14	928944	2754	0.011	0.000	345167	458844	40485	337339	344574	458093	40466	336399	593	751	19	940	931698	0	0	927663	2743	1271	7	10	4	928944	2754
2021-01-14	1015272	83574	83352	222	1008831	6427	14	1012296	2976	0.012	0.000	374803	501101	42769	361463	374094	500254	42750	360452	709	847	19	1011	1015272	0	0	1005910	2921	6376	51	10	4	1012296	2976
2021-01-15	1106253	90981	90135	846	1094541	11693	19	1102431	3822	0.013	0.000	408725	545673	46728	389202	407810	544625	46700	387982	915	1048	28	1220	1106253	0	0	1090774	3767	11642	51	15	4	1102431	3822
2021-01-16	1163728	57475	56470	1005	1150336	13372	20	1158901	4827	0.014	0.000	432983	570627	48859	408798	431664	569232	48767	407047	1319	1395	92	1751	1163728	0	0	1145564	4772	13321	51	16	4	1158901	4827
2021-01-17	1211070	47342	30427	16915	1196415	14633	21	1189329	21742	0.014	0.000	453449	591002	50884	428544	444215	583354	50014	417145	9234	7648	870	11399	1211070	0	1	1174729	21686	14582	51	17	4	1189328	21742
2021-01-18	1293285	82215	66629	15586	1274487	18775	22	1255958	37328	0.015	0.000	482728	633883	53106	448900	467235	619730	51700	430238	15493	14153	1406	18662	1293285	0	1	1237217	37270	18722	53	18	4	1255957	37328
2021-01-19	1412295	119010	83008	36002	1389821	22442	31	1338966	73330	0.016	0.001	519765	695968	56714	479843	492669	666683	54375	447938	27096	29285	2339	31905	1412295	0	1	1316554	73267	22384	58	27	4	1338965	73330
2021-01-20	1543744	131449	78061	53388	1518526	25183	34	1417027	126718	0.017	0.002	568076	760039	60957	522078	522876	706310	57505	469463	45200	53729	3452	52615	1543744	0	1	1391871	126655	25125	58	30	4	1417026	126718
2021-01-21	1648586	104842	64100	40742	1620627	27923	35	1481127	167460	0.018	0.002	610150	808503	65406	556195	549621	735602	60889	487988	60529	72901	4517	68207	1648586	0	1	1453232	167395	27864	59	30	5	1481126	167460
2021-01-22	1749978	101392	68222	33170	1719826	30108	43	1549349	200630	0.019	0.002	654049	853889	69013	590642	579902	764987	63599	506975	74147	88902	5414	83667	1749978	0	1	1519266	200560	30044	64	38	5	1549348	200630
2021-01-23	1836325	86347	40478	45869	1805817	30461	46	1589827	246499	0.019	0.003	691767	890989	72414	617916	599855	780966	64783	516268	91912	110023	7631	101648	1836325	0	1	1559389	246428	30396	65	41	5	1589826	246499
2021-01-24	1883449	47124	25533	21591	1852739	30659	50	1615360	268090	0.019	0.003	715655	910067	73331	632982	614016	789814	65130	521524	101639	120253	8201	111458	1883449	0	1	1584720	268019	30594	65	45	5	1615359	268090
2021-01-25	1974215	90766	52465	38301	1942086	32075	53	1667825	306391	0.020	0.004	756375	951632	76827	658117	642321	811974	66847	534304	114054	139658	9980	123813	1974215	0	1	1635769	306317	32007	68	48	5	1667824	306391
2021-01-26	2071655	97440	50716	46724	2038085	33509	60	1718541	353115	0.021	0.004	796572	997196	80614	684405	667753	831436	68195	545278	128819	165760	12419	139127	2071655	0	1	1685049	353036	33436	73	55	5	1718540	353115
2021-01-27	2180686	109031	50867	58164	2145321	35295	68	1769409	411279	0.021	0.005	839834	1049509	85786	715259	691463	852265	70042	556304	148371	197244	15744	158955	2180686	0	2	1734134	411187	35210	85	63	5	1769407	411279
2021-01-28	2273169	92483	46592	45891	2236173	36923	71	1816001	457170	0.022	0.005	877990	1090332	89974	739697	713483	869115	71590	567469	164507	221217	18384	172228	2273169	0	2	1779183	456990	36750	173	66	5	1815999	457170
2021-01-29	2380910	107741	49997	57744	2342427	38403	78	1865998	514914	0.022	0.006	920894	1138243	95507	769100	735839	888487	73819	578309	185055	249756	21688	190791	2380910	0	2	1827694	514733	38229	174	73	5	1865996	514914
2021-01-30	2468914	88004	34391	53613	2429549	39283	80	1900389	568527	0.023	0.007	957412	1174692	99468	796433	752473	901967	75224	586328	204939	272725	24244	210105	2468914	0	2	1861206	568343	39107	176	74	6	1900387	568527
2021-01-31	2525720	56806	25770	31036	2485974	39659	85	1926159	599563	0.023	0.007	982865	1196922	101575	812430	766590	910861	76411	592657	216275	286061	25164	219773	2525720	0	2	1886604	599370	39475	184	78	7	1926157	599563
2021-02-01	2645142	119422	57972	61450	2603137	41867	136	1984131	661013	0.024	0.008	1026174	1260299	105285	839830	787193	944041	78273	602425	238981	316258	27012	237405	2645142	0	2	1942319	660818	41681	186	129	7	1984129	661013
2021-02-02	2777364	132222	65058	67164	2732284	44929	149	2049189	728177	0.025	0.009	1069633	1330364	110479	870030	806216	982089	80866	611659	263417	348275	29613	258371	2777364	0	2	2004303	727981	44742	187	142	7	2049187	728177
2021-02-03	2939296	161932	64236	97696	2887863	51256	175	2113425	825873	0.025	0.010	1128983	1407775	116405	912544	829819	1014401	83062	623312	299164	393374	33343	289232	2939296	0	2	2062192	825671	51063	193	168	7	2113423	825873
2021-02-04	3073185	133889	61796	72093	3015915	57088	180	2175221	897966	0.026	0.011	1177986	1472437	120972	943857	851937	1046473	85311	632945	326049	425964	35661	310912	3073185	0	2	2118154	897761	56892	196	173	7	2175219	897966
2021-02-05	3219948	146763	68963	77800	3156222	63536	188	2244184	975766	0.027	0.012	1232524	1542580	126293	977786	877231	1080338	86905	644262	355293	462242	39388	333524	3219948	0	2	2180796	975426	63206	330	180	8	2244182	975766
2021-02-06	3313619	93671	45441	48230	3247266	66162	189	2289625	1023996	0.028	0.012	1272514	1588658	130853	1003590	896490	1101898	88782	653957	376024	486760	42071	349633	3313619	0	2	2223610	1023656	65832	330	181	8	2289623	1023996
2021-02-07	3366928	53309	28259	25050	3298246	68488	191	2317885	1049046	0.028	0.013	1298155	1609930	133571	1016823	910800	1112720	90015	659435	387355	497210	43556	357388	3366928	0	3	2249542	1048704	68157	331	183	8	2317882	1049046
2021-02-08	3475796	108868	52828	56040	3403262	72311	219	2370714	1105086	0.029	0.013	1350672	1655734	137545	1035599	942269	1129343	91902	666781	408403	526391	45643	368818	3475796	0	4	2298521	1104741	71978	333	211	8	2370710	1105086
2021-02-09	3609786	133990	60210	73780	3533705	75745	332	2430924	1178866	0.029	0.014	1411842	1714380	141993	1058512	978151	1147503	94639	674792	433691	566877	47354	383720	3609786	0	4	2355374	1178331	75222	523	324	8	2430920	1178866
2021-02-10	3764203	154417	77293	77124	3675548	79981	8670	2508217	1255990	0.030	0.015	1478760	1781046	146001	1087933	1017461	1175177	96286	685176	461299	605869	49715	402757	3764203	0	4	2421087	1254461	78476	1505	8650	20	2508213	1255990
2021-02-11	3907948	143745	75248	68497	3795707	87247	24988	2583467	1324487	0.031	0.016	1539776	1848576	151475	1113070	1052428	1208053	98713	694775	487348	640523	52762	418295	3907948	0	6	2475797	1319910	82710	4537	24954	34	2583461	1324487
2021-02-12	4063052	155104	79533	75571	3927282	96544	39217	2663003	1400058	0.032	0.017	1611268	1919253	157751	1138545	1094198	1240389	101429	704318	517070	678864	56322	434227	4063052	0	9	2536853	1390429	87281	9263	38860	357	2662994	1400058
2021-02-13	4170371	107319	61932	45387	4017995	99801	52565	2724936	1445445	0.033	0.017	1667599	1960972	162355	1156080	1129093	1262877	103231	711418	538506	698095	59124	444662	4170371	0	10	2583732	1434263	88993	10808	52201	364	2724926	1445445
2021-02-14	4235544	65173	39493	25680	4073450	102275	59808	2764430	1471125	0.033	0.018	1706122	1983696	163973	1164146	1153761	1276081	104081	714928	552361	707615	59892	449218	4235544	0	11	2614733	1458717	90263	12012	59423	385	2764419	1471125
2021-02-15	4360805	125261	69601	55660	4177987	107542	75264	2834032	1526785	0.034	0.018	1773591	2031897	168008	1183418	1194859	1300739	106358	721524	578732	731158	61650	461894	4360805	0	12	2666625	1511362	92535	15007	74860	404	2834020	1526785
2021-02-16	4494810	134005	77796	56209	4286247	113694	94856	2911829	1582994	0.035	0.019	1839625	2089928	170683	1200400	1236633	1336138	107879	728440	602992	753790	62804	471960	4494810	0	13	2722116	1564131	95260	18434	94440	416	2911816	1582994
2021-02-17	4645563	150753	94463	56290	4408249	121692	115608	3006293	1639284	0.036	0.020	1920033	2147919	175770	1221928	1292995	1368705	110873	736858	627038	779214	64897	485070	4645563	0	14	2791027	1617222	100073	21619	115179	429	3006279	1639284
2021-02-18	4789822	144259	91274	52985	4520439	129916	139452	3097568	1692269	0.037	0.020	1995907	2206102	179208	1240945	1345328	1403985	112659	744258	650579	802117	66549	496687	4789822	0	15	2853778	1666661	104756	25160	139019	433	3097553	1692269
2021-02-19	4948188	158366	102795	55571	4641421	139877	166874	3200364	1747840	0.038	0.021	2076668	2266444	184080	1258305	1402958	1440066	115287	750941	673710	826378	68793	507364	4948188	0	16	2922306	1719115	111707	28170	166335	539	3200348	1747840
2021-02-20	5060239	112051	75794	36257	4727807	144341	188074	3276159	1784097	0.039	0.021	2138268	2310157	187738	1272296	1445964	1469322	117533	755178	692304	840835	70205	517118	5060239	0	17	2972878	1754929	115739	28602	187525	549	3276142	1784097
2021-02-21	5146002	85763	57385	28378	4794312	147982	203690	3333545	1812475	0.040	0.022	2187054	2340674	190304	1282667	1479917	1489494	118664	757407	707137	851180	71640	525260	5146002	0	18	3011171	1783141	119221	28761	203135	555	3333527	1812475
2021-02-22	5301286	155284	97577	57707	4916998	156963	227306	3431123	1870182	0.041	0.022	2266701	2410287	195201	1300517	1538362	1525084	121627	763642	728339	885203	73574	536875	5301286	0	19	3077931	1839067	126434	30529	226739	567	3431104	1870182
2021-02-23	5471133	169847	109387	60460	5050777	164172	256164	3540511	1930642	0.043	0.023	2346910	2483166	200501	1318387	1598211	1563793	124757	771284	748699	919373	75744	547103	5471133	0	20	3152920	1897857	131985	32187	255586	578	3540491	1930642
2021-02-24	5646819	175686	116543	59143	5182204	171782	292812	3657055	1989785	0.044	0.024	2431789	2557990	207079	1337422	1660503	1608669	128907	778912	771286	949321	78172	558510	5646819	0	21	3226908	1955296	137910	33872	292216	596	3657034	1989785
2021-02-25	5835766	188947	130016	58931	5313544	178540	343661	3787071	2048716	0.046	0.025	2514175	2648479	213515	1355541	1722988	1667176	133470	787131	791187	981303	80045	568410	5835766	0	21	3300859	2012685	143139	35401	343052	609	3787050	2048716
2021-02-26	6048211	212445	145583	66862	5454341	187373	406476	3932654	2115578	0.047	0.025	2602819	2749814	220591	1375230	1787946	1735795	138593	794627	814873	1014019	81998	580603	6048211	0	21	3376482	2077859	150356	37017	405795	681	3932633	2115578
2021-02-27	6195930	147719	107834	39885	5546994	191455	457460	4040488	2155463	0.049	0.026	2666475	2822116	227301	1388101	1833818	1790224	143432	799030	832657	1031892	83869	589071	6195930	0	21	3429990	2117004	153706	37749	456771	689	4040467	2155463
2021-02-28	6298767	102837	78777	24060	5608274	195410	495061	4119266	2179523	0.050	0.026	2714700	2875405	231582	1394762	1868893	1834535	146785	801170	845807	1040870	84797	593592	6298767	0	22	3467583	2140691	157308	38102	494353	708	4119244	2179523
2021-03-01	6497003	198236	148380	49856	5738555	205032	553394	4267646	2229379	0.051	0.027	2817221	2953369	239381	1408021	1943445	1896228	153263	806209	873776	1057141	86118	601812	6497003	0	22	3550045	2188510	164909	40123	552670	724	4267624	2229379
2021-03-02	6716008	219005	166912	52093	5878748	215026	622212	4434558	2281472	0.053	0.027	2927307	3047588	248982	1422628	2022735	1971725	160632	812692	904572	1075863	88350	609936	6716008	0	22	3641041	2237707	172029	42997	621466	746	4434536	2281472
2021-03-03	6963101	247093	176597	70496	6036543	229975	696561	4611155	2351968	0.055	0.028	3047976	3148969	260606	1439862	2105531	2048823	170041	819606	942445	1100146	90565	620256	6963101	0	22	3734269	2302274	181102	48873	695762	799	4611133	2351968
2021-03-04	7207938	244837	182022	62815	6177795	244441	785680	4793177	2414783	0.058	0.029	3159240	3258741	272992	1455625	2181653	2136963	180034	825002	977587	1121778	92958	630623	7207938	0	22	3818136	2359659	190176	54265	784843	837	4793155	2414783
2021-03-05	7482225	274287	207314	66973	6325740	257806	898656	5000492	2481756	0.060	0.030	3277185	3383782	287941	1471072	2258903	2242620	191990	830697	1018282	1141162	95951	640375	7482225	0	23	3905119	2420621	197581	60225	897769	887	5000469	2481756
2021-03-06	7683910	201685	153028	48657	6434968	266246	982673	5153520	2530413	0.062	0.030	3366696	3478463	298371	1480590	2314602	2325555	200824	833966	1052094	1152908	97547	646624	7683910	0	23	3967949	2467019	203783	62463	981765	908	5153497	2530413
2021-03-07	7831446	147536	114055	33481	6514708	272900	1043815	5267575	2563894	0.063	0.031	3437978	3544531	306478	1486155	2360956	2383880	208082	835928	1077022	1160651	98396	650227	7831446	0	23	4016564	2498144	208101	64799	1042887	928	5267552	2563894
2021-03-08	8068883	237437	185858	51579	6648612	283855	1136393	5453433	2615473	0.066	0.031	3556806	3640371	322827	1498475	2442587	2468035	222757	841890	1114219	1172336	100070	656585	8068883	0	23	4102293	2546319	215693	68162	1135424	969	5453410	2615473
2021-03-09	8321088	252205	197410	54795	6788713	296638	1235714	5650843	2670268	0.068	0.032	3677710	3742787	340236	1512022	2524321	2558568	238262	848791	1153389	1184219	101974	663231	8321088	0	23	4191136	2597577	225004	71634	1234680	1034	5650820	2670268
2021-03-10	8609482	288394	221368	67026	6947816	308816	1352826	5872212	2737294	0.071	0.033	3808598	3856306	360962	1530389	2606688	2661880	256906	860000	1201910	1194426	104056	670389	8608511	971	24	4286826	2660990	233623	75193	1351739	1087	5872188	2737294
2021-03-11	8893708	284226	223337	60889	7095457	322533	1475694	6095549	2798183	0.073	0.034	3937470	3976178	382106	1544008	2689957	2769533	276555	867677	1247513	1206645	105551	676331	8892082	1626	24	4377982	2717475	242993	79540	1474550	1144	6095525	2798183
2021-03-12	9219922	326214	255364	70850	7247039	339826	1633033	6350913	2869033	0.076	0.034	4071484	4127850	404783	1559463	2770420	2906954	297406	877132	1301064	1220896	107377	682331	9218086	1836	24	4463508	2783531	255693	84133	1631688	1345	6350889	2869033
2021-03-13	9460477	240555	190296	50259	7363047	349394	1748012	6541209	2919292	0.079	0.035	4181046	4240796	425293	1567511	2840453	3011727	316755	881879	1340593	1229069	108538	685632	9458485	1992	24	4530709	2832338	263921	85473	1746555	1457	6541185	2919292
2021-03-14	9630459	169982	134304	35678	7451106	354906	1824423	6675513	2954970	0.080	0.036	4266043	4307307	441408	1570975	2896461	3072888	331859	883676	1369582	1234419	109549	687299	9628457	2002	24	4584086	2867020	268458	86448	1822945	1478	6675489	2954970
2021-03-15	9878144	247685	188478	59207	7603916	367640	1906564	6863991	3014177	0.083	0.036	4400463	4391447	461474	1582289	2984151	3147219	350790	890548	1416312	1244228	110684	691741	9875859	2285	24	4679479	2924437	279493	88147	1904995	1569	6863967	3014177
2021-03-16	10057070	178926	110736	68190	7770576	378890	1907580	6974727	3082367	0.084	0.037	4527474	4426082	473886	1593025	3059300	3169255	361553	895647	1468174	1256827	112333	697378	10054238	2832	24	4780438	2990138	288258	90632	1906007	1573	6974703	3082367
2021-03-17	10262143	205073	124126	80947	7956913	396881	1908325	7098853	3163314	0.085	0.038	4672447	4463838	487350	1605072	3141952	3193652	373040	902175	1530495	1270186	114310	702897	10258694	3449	24	4890640	3066273	301442	95439	1906747	1578	7098829	3163314
2021-03-18	10455708	193565	118010	75555	8131156	415045	1909483	7216863	3238869	0.087	0.039	4812398	4498757	499905	1615322	3222615	3215628	383588	907340	1589783	1283129	116317	707982	10451836	3872	24	4994528	3136628	314407	100638	1907904	1579	7216839	3238869
2021-03-19	10700721	245013	160780	84233	8316816	435833	1948048	7377643	3323102	0.089	0.040	4961948	4563922	518114	1627194	3306761	3267408	399605	914537	1655187	1296514	118509	712657	10696318	4403	24	5102817	3213999	328390	107443	1946412	1636	7377619	3323102
2021-03-20	10920971	220250	166989	53261	8452211	451124	2017612	7544632	3376363	0.091	0.041	5078536	4641917	537715	1633319	3379545	3337212	417708	917920	1698991	1304705	120007	715399	10916244	4727	24	5188813	3263398	339849	111275	2015946	1666	7544608	3376363
2021-03-21	11085452	164481	126295	38186	8554385	460318	2070725	7670927	3414549	0.092	0.041	5171749	4694283	554274	1635819	3440184	3384099	433219	919244	1731565	1310184	121055	716575	11080725	4727	24	5256071	3298314	345799	114519	2069033	1692	7670903	3414549
2021-03-22	11354662	269210	192805	76405	8720822	484127	2149689	7863732	3490954	0.095	0.042	5329624	4766248	576579	1645397	3534739	3445389	453483	925279	1794885	1320859	123096	720118	11348407	6255	24	5353555	3367267	362209	121918	2147944	1745	7863708	3490954
2021-03-23	11655630	300968	216933	84035	8902509	503859	2249238	8080665	3574989	0.097	0.043	5490190	4854892	604288	1656865	3629814	3521119	478432	932910	1860376	1333773	125856	723955	11644387	11243	24	5456236	3446273	376968	126891	2247437	1801	8080641	3574989
2021-03-24	11994858	339228	249651	89577	9102821	536893	2355120	8330316	3664566	0.100	0.044	5664852	4952071	635971	1672375	3732242	3605792	507202	944863	1932610	1346279	128769	727512	11977823	17035	24	5572352	3530469	404695	132198	2353245	1875	8330292	3664566
2021-03-25	12327586	332728	251574	81154	9288392	564576	2474594	8581890	3745720	0.103	0.045	5830941	5060081	670798	1683452	3832663	3703768	539527	951994	1998278	1356313	131271	731458	12304606	22980	24	5682448	3605944	426810	137766	2472608	1986	8581866	3745720
2021-03-26	12701695	374109	285574	88535	9488206	601758	2611706	8867465	3834255	0.107	0.046	6003833	5184282	710463	1698535	3933360	3816071	576057	962322	2070473	1368211	134406	736213	12672401	29294	25	5800526	3687680	457292	144466	2609622	2084	8867440	3834255
2021-03-27	12982955	281260	218933	62327	9637792	629376	2715761	9086399	3896582	0.109	0.047	6147056	5279869	744190	1703356	4023632	3903670	607441	965464	2123424	1376199	136749	737892	12951311	31644	26	5890953	3746839	481800	147576	2713620	2141	9086373	3896582
2021-03-28	13179343	196388	143170	53218	9753120	647879	2778318	9229569	3949800	0.111	0.047	6253046	5333384	768116	1706823	4085867	3950861	629648	967502	2167179	1382523	138468	739321	13147508	31835	26	5956388	3796732	497029	150850	2776126	2192	9229543	3949800
2021-03-29	13485050	305707	217114	88593	9941862	672876	2870286	9446683	4038393	0.114	0.049	6418833	5404751	806706	1716518	4180272	4010842	665103	973637	2238561	1393909	141603	742881	13447267	37783	26	6063411	3878451	515217	157659	2868029	2257	9446657	4038393
2021-03-30	13813994	328944	236453	92491	10160462	697303	2956203	9683136	4130884	0.116	0.050	6591913	5474211	853024	1727240	4280843	4069380	706095	981320	2311070	1404831	146929	745920	13764075	49919	26	6196038	3964424	533186	164117	2953886	2317	9683110	4130884
2021-03-31	14150213	336219	234761	101458	10407938	733345	3008904	9917897	4232342	0.119	0.051	6774517	5538855	899988	1738789	4384637	4121392	747318	988525	2389880	1417463	152670	750264	14083979	66234	26	6350059	4057879	561261	172084	3006551	2353	9917871	4232342
2021-04-01	14476940	326727	235971	90756	10646884	765802	3064228	10153868	4323098	0.122	0.052	6936269	5606629	944397	1747554	4476928	4175958	787230	994147	2459341	1430671	157167	753407	14390627	86313	26	6506185	4140699	585824	179978	3061833	2395	10153842	4323098
2021-04-02	14702658	225718	157734	67984	10826416	780187	3096029	10311602	4391082	0.124	0.053	7067172	5654574	981393	1749910	4552089	4213818	820223	995356	2515083	1440756	161170	754554	14614821	87837	26	6622100	4204316	595868	184319	3093608	2421	10311576	4391082
2021-04-03	14934608	231950	167536	64414	11000632	795989	3137961	10479138	4455496	0.126	0.054	7198861	5698683	1018737	1753036	4633025	4248782	853330	997097	2565836	1449901	165407	755939	14845372	89236	26	6736786	4263846	606824	189165	3135502	2459	10479112	4455496
2021-04-04	15127562	192954	142598	50356	11132838	806051	3188647	10621736	4505852	0.128	0.054	7309766	5731715	1048001	1754173	4704262	4274251	879171	997551	2605504	1457464	168830	756622	15038190	89372	26	6822568	4310270	612997	193054	3186145	2502	10621710	4505852
2021-04-05	15375419	247857	177654	70203	11297832	823912	3253649	10799390	4576055	0.130	0.055	7456036	5770066	1081529	1756372	4794323	4302940	907924	998846	2661713	1467126	173605	757526	15284737	90682	26	6922170	4375662	626078	197834	3251116	2533	10799364	4576055
2021-04-06	15749182	373763	279081	94682	11552767	856131	3340256	11078473	4670737	0.133	0.056	7644926	5826686	1124640	1761928	4910112	4346229	944820	1001588	2734814	1480457	179820	760340	15621873	127309	28	7091185	4461582	649605	206526	3337655	2601	11078445	4670737
2021-04-07	16417241	668059	571722	96337	12094942	893176	3429095	11650195	4767074	0.140	0.057	7644926	5826686	1124640	1761928	4910112	4346229	944820	1001588	2734814	1480457	179820	760340	15984268	432973	28	7545709	4549233	678047	215129	3426411	2684	11650167	4767074
2021-04-08	17116112	698871	611167	87704	12666470	928809	3520805	12261362	4854778	0.147	0.058	7644926	5826686	1124640	1761928	4910112	4346229	944820	1001588	2734814	1480457	179820	760340	16358261	757851	28	8038587	4627883	704706	224103	3518041	2764	12261334	4854778
2021-04-09	17748278	632166	543251	88915	13156921	965400	3625929	12804613	4943693	0.154	0.059	7644926	5826686	1124640	1761928	4910112	4346229	944820	1001588	2734814	1480457	179820	760340	16750924	997354	28	8451641	4705280	729862	235538	3623082	2847	12804585	4943693
2021-04-10	18120864	372586	307534	65052	13405407	988625	3726804	13112147	5008745	0.158	0.060	7644926	5826686	1124640	1761928	4910112	4346229	944820	1001588	2734814	1480457	179820	760340	17090464	1030400	28	8642819	4762588	745406	243219	3723894	2910	13112119	5008745
2021-04-11	18384776	263912	213594	50318	13575773	1007291	3801684	13325741	5059063	0.160	0.061	7644926	5826686	1124640	1761928	4910112	4346229	944820	1001588	2734814	1480457	179820	760340	17349297	1035479	28	8766888	4808885	760127	247164	3798698	2986	13325713	5059063
2021-04-12	18803464	418688	342318	76370	13854644	1036526	3912265	13668060	5135433	0.164	0.062	7644926	5826686	1124640	1761928	4910112	4346229	944820	1001588	2734814	1480457	179820	760340	17719478	1083986	29	8977914	4876730	780891	255635	3909226	3039	13668031	5135433
2021-04-13	19380366	576902	503214	73688	14286936	1063766	4029635	14171274	5209121	0.170	0.063	7644926	5826686	1124640	1761928	4910112	4346229	944820	1001588	2734814	1480457	179820	760340	18100250	1280116	29	9342153	4944783	802690	261076	4026402	3233	14171245	5209121
2021-04-14	20155381	775015	691808	83207	14903411	1097318	4154623	14863082	5292328	0.179	0.064	7644926	5826686	1124640	1761928	4910112	4346229	944820	1001588	2734814	1480457	179820	760340	18501468	1653913	29	9884483	5018928	827738	269580	4150832	3791	14863053	5292328
2021-04-15	20835702	680321	610014	70307	15437490	1133499	4264683	15473097	5362635	0.186	0.064	7644926	5826686	1124640	1761928	4910112	4346229	944820	1001588	2734814	1480457	179820	760340	18886160	1949542	30	10357815	5079675	855306	278193	4259946	4737	15473067	5362635
2021-04-16	21432344	596642	522452	74190	15875665	1166090	4390559	15995549	5436825	0.192	0.065	7644926	5826686	1124640	1761928	4910112	4346229	944820	1001588	2734814	1480457	179820	760340	19287963	2144381	30	10731035	5144630	879467	286623	4385017	5542	15995519	5436825
2021-04-17	21798361	366017	309405	56612	16100534	1188775	4509022	16304954	5493437	0.196	0.066	7644926	5826686	1124640	1761928	4910112	4346229	944820	1001588	2734814	1480457	179820	760340	19632176	2166185	30	10907910	5192624	895015	293760	4501999	7023	16304924	5493437
2021-04-18	22067893	269532	230526	39006	16272585	1204164	4591114	16535480	5532443	0.199	0.067	7644926	5826686	1124640	1761928	4910112	4346229	944820	1001588	2734814	1480457	179820	760340	19897097	2170796	30	11046019	5226566	906506	297658	4582925	8189	16535450	5532443
2021-04-19	22470266	402373	340959	61414	16566434	1237097	4666704	16876440	5593857	0.203	0.067	7644926	5826686	1124640	1761928	4910112	4346229	944820	1001588	2734814	1480457	179820	760340	20255139	2215127	31	11287696	5278738	931515	305582	4657198	9506	16876409	5593857
2021-04-20	23031126	560860	498089	62771	16948397	1276343	4806354	17374530	5656628	0.209	0.068	7644926	5826686	1124640	1761928	4910112	4346229	944820	1001588	2734814	1480457	179820	760340	20621548	2409578	32	11615635	5332762	964096	312247	4794767	11587	17374498	5656628
2021-04-21	23752201	721075	647939	73136	17402681	1318057	5031431	18022469	5729764	0.217	0.069	7644926	5826686	1124640	1761928	4910112	4346229	944820	1001588	2734814	1480457	179820	760340	21003475	2748726	32	12007366	5395315	997677	320380	5017394	14037	18022437	5729764
2021-04-22	24390832	638631	571438	67193	17784459	1361734	5244607	18593907	5796957	0.224	0.070	7644926	5826686	1124640	1761928	4910112	4346229	944820	1001588	2734814	1480457	179820	760340	21374847	3015985	32	12333252	5451207	1033674	328060	5226949	17658	18593875	5796957
2021-04-23	24947270	556438	487504	68934	18137765	1405326	5404147	19081411	5865891	0.229	0.071	7644926	5826686	1124640	1761928	4910112	4346229	944820	1001588	2734814	1480457	179820	760340	21763090	3184180	32	12631701	5506064	1066742	338584	5382936	21211	19081379	5865891
2021-04-24	25312926	365656	306714	58942	18372743	1454660	5485491	19388125	5924833	0.233	0.071	7644926	5826686	1124640	1761928	4910112	4346229	944820	1001588	2734814	1480457	179820	760340	22111835	3201091	32	12825462	5547281	1100705	353955	5461926	23565	19388093	5924833
2021-04-25	25595905	282979	233936	49043	18560527	1488334	5547012	19622061	5973876	0.236	0.072	7644926	5826686	1124640	1761928	4910112	4346229	944820	1001588	2734814	1480457	179820	760340	22389000	3206905	32	12975850	5584677	1124517	363817	5521662	25350	19622029	5973876
2021-04-26	26029017	433112	359104	74008	18878457	1530833	5619625	19981235	6047884	0.240	0.073	7644926	5826686	1124640	1761928	4910112	4346229	944820	1001588	2734814	1480457	179820	760340	22735520	3293497	102	13232242	5646215	1158617	372216	5590274	29351	19981133	6047884
2021-04-27	26814487	785470	693449	92021	19555178	1582339	5676315	20675237	6139905	0.249	0.074	7644926	5826686	1124640	1761928	4910112	4346229	944820	1001588	2734814	1480457	179820	760340	23106110	3708377	655	13831106	5724072	1200990	381349	5642486	33829	20674582	6139905
2021-04-28	27937737	1123250	996180	127070	20563410	1643066	5729774	21672249	6266975	0.261	0.075	7644926	5826686	1124640	1761928	4910112	4346229	944820	1001588	2734814	1480457	179820	760340	23500277	4437460	1487	14730749	5832661	1249177	393889	5690836	38938	21670762	6266975
2021-04-29	28884184	946447	812952	133495	21387822	1707007	5786959	22486110	6400470	0.270	0.077	7644926	5826686	1124640	1761928	4910112	4346229	944820	1001588	2734814	1480457	179820	760340	23888656	4995528	2396	15442869	5944953	1300724	406283	5740121	46838	22483714	6400470
2021-04-30	29688007	803823	666743	137080	22066251	1764316	5854169	23153728	6537550	0.278	0.079	7644926	5826686	1124640	1761928	4910112	4346229	944820	1001588	2734814	1480457	179820	760340	24292633	5395374	3271	16009735	6056516	1342775	421541	5797947	56222	23150457	6537550
2021-05-01	30024292	336285	260055	76230	22319082	1805805	5893560	23416357	6613780	0.282	0.080	7644926	5826686	1124640	1761928	4910112	4346229	944820	1001588	2734814	1480457	179820	760340	24604268	5420024	5845	16201331	6117751	1377859	427946	5831322	62238	23410512	6613780
2021-05-02	30289286	264994	197625	67369	22514657	1843314	5923663	23615789	6681149	0.284	0.080	7644926	5826686	1124640	1761928	4910112	4346229	944820	1001588	2734814	1480457	179820	760340	24861607	5427679	7652	16341172	6173485	1410117	433197	5856848	66815	23608137	6681149
2021-05-03	30741094	451808	335404	116404	22832612	1913914	5985330	23952779	6797553	0.288	0.082	7644926	5826686	1124640	1761928	4910112	4346229	944820	1001588	2734814	1480457	179820	760340	25219555	5521539	9238	16568123	6264489	1467508	446406	5907910	77420	23943541	6797553
2021-05-04	31584187	843093	681379	161714	23458970	1977429	6135589	24637119	6959267	0.296	0.084	7644926	5826686	1124640	1761928	4910112	4346229	944820	1001588	2734814	1480457	179820	760340	25595396	5988791	12199	17062676	6396294	1517777	459652	6044467	91122	24624920	6959267
2021-05-05	32731406	1147219	914970	232249	24310271	2056393	6348072	25556560	7191516	0.307	0.086	7644926	5826686	1124640	1761928	4910112	4346229	944820	1001588	2734814	1480457	179820	760340	26016651	6714755	16670	17728592	6581679	1571237	485156	6240061	108011	25539890	7191516
2021-05-06	33722406	991000	767387	223613	25003039	2148515	6549631	26328498	7415129	0.317	0.089	7644926	5826686	1124640	1761928	4910112	4346229	944820	1001588	2734814	1480457	179820	760340	26432540	7289866	21221	18244169	6758870	1640944	507571	6422164	127467	26307277	7415129
2021-05-07	34613586	891180	652755	238425	25590873	2235214	6762075	26985456	7653554	0.324	0.092	7644926	5826686	1124640	1761928	4910112	4346229	944820	1001588	2734814	1480457	179820	760340	26879704	7733882	25424	18658009	6932864	1696677	538537	6605346	156729	26960032	7653554
2021-05-08	35039374	425788	271732	154056	25858548	2306989	6846696	27258905	7807610	0.328	0.094	7644926	5826686	1124640	1761928	4910112	4346229	944820	1001588	2734814	1480457	179820	760340	27245001	7794373	27141	18812793	7045755	1748622	558367	6670349	176347	27231764	7807610
2021-05-09	35325555	286181	183645	102536	26052438	2363546	6881363	27443617	7910146	0.330	0.095	7644926	5826686	1124640	1761928	4910112	4346229	944820	1001588	2734814	1480457	179820	760340	27520147	7805408	28208	18927425	7125013	1794386	569160	6693598	187765	27415409	7910146
2021-05-10	35914929	589374	395848	193526	26425629	2445337	7012026	27843194	8103672	0.335	0.097	7644926	5826686	1124640	1761928	4910112	4346229	944820	1001588	2734814	1480457	179820	760340	27920623	7994306	31937	19158833	7266796	1854004	591333	6798420	213606	27811257	8103672
2021-05-11	37000783	1085854	798037	287817	27251549	2525242	7188414	28644872	8391489	0.344	0.101	7644926	5826686	1124640	1761928	4910112	4346229	944820	1001588	2734814	1480457	179820	760340	28352782	8648001	35578	19751889	7499660	1911744	613498	6945661	242753	28609294	8391489
2021-05-12	38416821	1416038	1049343	366695	28344900	2616911	7413680	29699967	8758184	0.357	0.105	7644926	5826686	1124640	1761928	4910112	4346229	944820	1001588	2734814	1480457	179820	760340	28812837	9603984	41330	20548807	7796093	1972861	644050	7136969	276711	29658637	8758184
2021-05-13	38846069	429248	268404	160844	28660216	2683683	7458193	29971018	8919028	0.360	0.107	7644926	5826686	1124640	1761928	4910112	4346229	944820	1001588	2734814	1480457	179820	760340	29168606	9677463	43977	20736355	7923861	2024422	659261	7166264	291929	29927041	8919028
2021-05-14	39602593	756524	526139	230385	29205436	2748608	7596780	30504949	9149413	0.367	0.110	7644926	5826686	1124640	1761928	4910112	4346229	944820	1001588	2734814	1480457	179820	760340	29573793	10028800	51769	21101121	8104315	2074159	674449	7277900	318880	30453180	9149413
2021-05-15	40002886	400293	234682	165611	29484621	2808990	7653226	30743911	9315024	0.370	0.112	7644926	5826686	1124640	1761928	4910112	4346229	944820	1001588	2734814	1480457	179820	760340	29926420	10076466	56049	21257928	8226693	2118115	690875	7311819	341407	30687862	9315024
2021-05-16	40285018	282132	160536	121596	29684375	2861717	7678153	30909171	9436620	0.372	0.113	7644926	5826686	1124640	1761928	4910112	4346229	944820	1001588	2734814	1480457	179820	760340	30192547	10092471	60773	21364307	8320068	2160959	700758	7323132	355021	30848398	9436620
2021-05-17	40840251	555233	349340	205893	30022658	2947402	7799661	31268268	9642513	0.376	0.116	7644926	5826686	1124640	1761928	4910112	4346229	944820	1001588	2734814	1480457	179820	760340	30578462	10261789	70530	21557224	8465434	2222231	725171	7418283	381378	31197738	9642513
2021-05-18	41712152	871901	517433	354468	30612163	3048497	7973190	31793473	9996981	0.382	0.120	7644926	5826686	1124640	1761928	4910112	4346229	944820	1001588	2734814	1480457	179820	760340	30995359	10716793	78302	21856665	8755498	2294739	753758	7563767	409423	31715171	9996981
2021-05-19	42809943	1097791	563677	534114	31416339	3148588	8154558	32369306	10531095	0.389	0.127	7644926	5826686	1124640	1761928	4910112	4346229	944820	1001588	2734814	1480457	179820	760340	31413372	11396571	90458	22200693	9215646	2360981	787607	7717174	437384	32278848	10531095
2021-05-20	43757492	947549	455626	491923	32099961	3245058	8311178	32835769	11023018	0.395	0.133	7644926	5826686	1124640	1761928	4910112	4346229	944820	1001588	2734814	1480457	179820	760340	31829978	11927514	101295	22461657	9638304	2426492	818566	7846325	464853	32734474	11023018
2021-05-21	44608654	851162	406060	445102	32696149	3330755	8468576	33253708	11468120	0.400	0.138	7644926	5826686	1124640	1761928	4910112	4346229	944820	1001588	2734814	1480457	179820	760340	32258420	12350234	113174	22684220	10011929	2482874	847881	7973440	495136	33140534	11468120
2021-05-22	45082558	473904	214977	258927	33002372	3400256	8552479	33482962	11727047	0.403	0.141	7644926	5826686	1124640	1761928	4910112	4346229	944820	1001588	2734814	1480457	179820	760340	32603394	12479164	127451	22782761	10219611	2531180	869076	8041570	510909	33355511	11727047
2021-05-23	45367623	285065	124759	160306	33195282	3459641	8576385	33616585	11887353	0.404	0.143	7644926	5826686	1124640	1761928	4910112	4346229	944820	1001588	2734814	1480457	179820	760340	32870338	12497285	136315	22848422	10346860	2575477	884164	8056371	520014	33480270	11887353
2021-05-24	45693594	325971	141148	184823	33431000	3521187	8597053	33765772	12072176	0.406	0.145	7644926	5826686	1124640	1761928	4910112	4346229	944820	1001588	2734814	1480457	179820	760340	33180784	12512810	144354	22931044	10499956	2622028	899159	8068346	528707	33621418	12072176
2021-05-25	46349072	655478	272150	383328	33877621	3600866	8701119	34063034	12455504	0.410	0.150	7644926	5826686	1124640	1761928	4910112	4346229	944820	1001588	2734814	1480457	179820	760340	33577319	12771753	169466	23072778	10804843	2673480	927386	8147310	553809	33893568	12455504
2021-05-26	47529016	1179944	469604	710340	34762794	3683241	8835242	34610911	13165844	0.416	0.158	7644926	5826686	1124640	1761928	4910112	4346229	944820	1001588	2734814	1480457	179820	760340	33993848	13535168	247739	23387663	11375131	2726072	957169	8249437	585805	34363172	13165844
2021-05-27	48569796	1040780	404177	636603	35501891	3772168	8966875	35096211	13802447	0.422	0.166	7644926	5826686	1124640	1761928	4910112	4346229	944820	1001588	2734814	1480457	179820	760340	34412791	14157005	328862	23645525	11856366	2777697	994471	8344127	622748	34767349	13802447
2021-05-28	49473645	903849	356345	547504	36105337	3858298	9097393	35536311	14349951	0.427	0.173	7644926	5826686	1124640	1761928	4910112	4346229	944820	1001588	2734814	1480457	179820	760340	34848679	14624966	412617	23862345	12242992	2828219	1030079	8433130	664263	35123694	14349951
2021-05-29	49883810	410165	151728	258437	36367154	3920891	9155356	35715831	14608388	0.429	0.176	7644926	5826686	1124640	1761928	4910112	4346229	944820	1001588	2734814	1480457	179820	760340	35184435	14699375	440409	23942190	12424964	2865074	1055817	8468158	687198	35275422	14608388
2021-05-30	50167346	283536	97726	185810	36564297	3967902	9183706	35824589	14794198	0.431	0.178	7644926	5826686	1124640	1761928	4910112	4346229	944820	1001588	2734814	1480457	179820	760340	35446153	14721193	451441	24001403	12562894	2892426	1075476	8479319	704387	35373148	14794198
2021-05-31	50714044	546698	178379	368319	36931472	4035332	9253321	36045446	15162517	0.433	0.182	7644926	5826686	1124640	1761928	4910112	4346229	944820	1001588	2734814	1480457	179820	760340	35835082	14878962	493919	24113165	12818307	2920110	1115222	8518252	735069	35551527	15162517
2021-06-01	51702350	988306	400059	588247	37664919	4115128	9343831	36530058	15750764	0.439	0.189	7644926	5826686	1124640	1761928	4910112	4346229	944820	1001588	2734814	1480457	179820	760340	36232915	15469435	578472	24429336	13235583	2949863	1165265	8572387	771444	35951586	15750764
2021-06-02	52950974	1248624	516832	731792	38653896	4187701	9426056	37151739	16482556	0.447	0.198	7644926	5826686	1124640	1761928	4910112	4346229	944820	1001588	2734814	1480457	179820	760340	36641261	16309713	683321	24878733	13775163	2974332	1213369	8615353	810703	36468418	16482556
2021-06-03	53593638	642664	230406	412258	39128829	4252010	9476276	37435347	16894814	0.450	0.203	7644926	5826686	1124640	1761928	4910112	4346229	944820	1001588	2734814	1480457	179820	760340	37004512	16589126	736523	25058567	14070262	3004041	1247969	8636216	840060	36698824	16894814
2021-06-04	54404636	810998	291265	519733	39714503	4323244	9553150	37803828	17414547	0.455	0.209	7644926	5826686	1124640	1761928	4910112	4346229	944820	1001588	2734814	1480457	179820	760340	37413022	16991614	813739	25286644	14427859	3032735	1290509	8670710	882440	36990089	17414547
2021-06-05	54817487	412851	96342	316509	39985597	4390204	9597333	37930784	17731056	0.456	0.213	7644926	5826686	1124640	1761928	4910112	4346229	944820	1001588	2734814	1480457	179820	760340	37762329	17055158	844353	25345770	14639827	3059030	1331174	8681631	915702	37086431	17731056
2021-06-06	55109684	292197	59465	232732	40191311	4431198	9624582	38008489	17963788	0.457	0.216	7644926	5826686	1124640	1761928	4910112	4346229	944820	1001588	2734814	1480457	179820	760340	38024817	17084867	862593	25389719	14801592	3071004	1360194	8685173	939409	37145896	17963788
2021-06-07	55723876	614192	193122	421070	40593444	4516267	9697094	38256089	18384858	0.460	0.221	7644926	5826686	1124640	1761928	4910112	4346229	944820	1001588	2734814	1480457	179820	760340	38399725	17323248	917071	25524124	15069320	3098572	1417695	8716322	980772	37339018	18384858
2021-06-08	56777076	1053200	341229	711971	41439969	4591644	9760044	38665666	19096829	0.465	0.230	7644926	5826686	1124640	1761928	4910112	4346229	944820	1001588	2734814	1480457	179820	760340	38805104	17968865	985419	25806822	15633147	3124808	1466836	8748617	1011427	37680247	19096829
2021-06-09	58200305	1423229	448575	974654	42616175	4678887	9824047	39210018	20071483	0.471	0.241	7644926	5826686	1124640	1761928	4910112	4346229	944820	1001588	2734814	1480457	179820	760340	39237604	18956810	1081196	26194577	16421598	3153218	1525669	8781027	1043020	38128822	20071483
2021-06-10	59391520	1191215	404628	786587	43573353	4768697	9879830	39703090	20858070	0.477	0.251	7644926	5826686	1124640	1761928	4910112	4346229	944820	1001588	2734814	1480457	179820	760340	39677278	19705530	1169640	26540263	17033090	3185252	1583445	8807935	1071895	38533450	20858070
2021-06-11	60453894	1062374	364229	698145	44380818	4857717	9948944	40164094	21556215	0.483	0.259	7644926	5826686	1124640	1761928	4910112	4346229	944820	1001588	2734814	1480457	179820	760340	40123876	20318630	1266415	26846669	17534149	3213469	1644248	8837541	1111403	38897679	21556215
2021-06-12	60889087	435193	123754	311439	44665472	4929577	9992384	40323087	21867654	0.485	0.263	7644926	5826686	1124640	1761928	4910112	4346229	944820	1001588	2734814	1480457	179820	760340	40455972	20420893	1301654	26938558	17726914	3232190	1697387	8850685	1141699	39021433	21867654
2021-06-13	61172054	282967	64748	218219	44845337	4993079	10018197	40401622	22085873	0.486	0.266	7644926	5826686	1124640	1761928	4910112	4346229	944820	1001588	2734814	1480457	179820	760340	40703279	20456247	1315441	26982731	17862606	3248125	1744954	8855325	1162872	39086181	22085873
2021-06-14	61826945	654891	213899	440992	45276245	5094396	10085626	40670758	22526865	0.489	0.271	7644926	5826686	1124640	1761928	4910112	4346229	944820	1001588	2734814	1480457	179820	760340	41115659	20696780	1370678	27155371	18120874	3271753	1822643	8872956	1212670	39300080	22526865
2021-06-15	62873196	1046251	346483	699768	46074185	5199029	10170220	41076325	23226633	0.494	0.279	7644926	5826686	1124640	1761928	4910112	4346229	944820	1001588	2734814	1480457	179820	760340	41571731	21283470	1429762	27453646	18620539	3300297	1898732	8892620	1277600	39646563	23226633
2021-06-16	64254217	1381021	465155	915866	47175733	5305541	10266893	41617768	24142499	0.500	0.290	7644926	5826686	1124640	1761928	4910112	4346229	944820	1001588	2734814	1480457	179820	760340	42050179	22182018	1506050	27860851	19314882	3332695	1972846	8918172	1348721	40111718	24142499
2021-06-17	65400987	1146770	398646	748124	48058506	5409077	10359097	42084671	24890623	0.506	0.299	7644926	5826686	1124640	1761928	4910112	4346229	944820	1001588	2734814	1480457	179820	760340	42523379	22852215	1574307	28207480	19851026	3362418	2046659	8940466	1418631	40510364	24890623
2021-06-18	66391973	990986	344026	646960	48789933	5503482	10455417	42497531	25537583	0.511	0.307	7644926	5826686	1124640	1761928	4910112	4346229	944820	1001588	2734814	1480457	179820	760340	42981378	23382503	1643141	28498178	20291755	3393678	2109804	8962534	1492883	40854390	25537583
2021-06-19	66818886	426913	119561	307352	49062713	5585558	10506332	42638234	25844935	0.513	0.311	7644926	5826686	1124640	1761928	4910112	4346229	944820	1001588	2734814	1480457	179820	760340	43322550	23466988	1664283	28590217	20472496	3414658	2170900	8969076	1537256	40973951	25844935
2021-06-20	67113940	295054	67860	227194	49241514	5657151	10538179	42718907	26072129	0.514	0.313	7644926	5826686	1124640	1761928	4910112	4346229	944820	1001588	2734814	1480457	179820	760340	43587699	23496614	1677096	28639430	20602084	3430687	2226464	8971694	1566485	41041811	26072129
2021-06-21	67744269	630329	209084	421245	49652444	5754757	10623623	42964340	26493374	0.517	0.319	7644926	5826686	1124640	1761928	4910112	4346229	944820	1001588	2734814	1480457	179820	760340	43986478	23726147	1713445	28809480	20842964	3455733	2299024	8985682	1637941	41250895	26493374
2021-06-22	68819436	1075167	374078	701089	50494970	5850726	10726174	43372539	27194463	0.522	0.327	7644926	5826686	1124640	1761928	4910112	4346229	944820	1001588	2734814	1480457	179820	760340	44428941	24354112	1747566	29136675	21358295	3486390	2364336	9001908	1724266	41624973	27194463
2021-06-23	70152536	1333100	486912	846188	51581931	5946753	10841787	43893950	28040651	0.528	0.337	7644926	5826686	1124640	1761928	4910112	4346229	944820	1001588	2734814	1480457	179820	760340	44873104	25237778	1782065	29572845	22009086	3516478	2430275	9022562	1819225	42111885	28040651
2021-06-24	71186587	1034051	488031	546020	52377661	6034098	10952498	44422246	28586671	0.534	0.344	7644926	5826686	1124640	1761928	4910112	4346229	944820	1001588	2734814	1480457	179820	760340	45309706	25830883	1822330	30004235	22373426	3551880	2482218	9043801	1908697	42599916	28586671
2021-06-25	72105513	918926	378959	539967	53069974	6110685	11062400	44841329	29126638	0.539	0.350	7644926	5826686	1124640	1761928	4910112	4346229	944820	1001588	2734814	1480457	179820	760340	45741887	26314646	1862454	30336495	22733479	3578713	2531972	9063667	1998733	42978875	29126638
2021-06-26	72514957	409444	136419	273025	53324534	6179758	11134950	44991009	29399663	0.541	0.354	7644926	5826686	1124640	1761928	4910112	4346229	944820	1001588	2734814	1480457	179820	760340	46086980	26378225	1875715	30441003	22883531	3604325	2575433	9069966	2064984	43115294	29399663
2021-06-27	72806831	291874	89964	201910	53497416	6237874	11191705	45085094	29601573	0.542	0.356	7644926	5826686	1124640	1761928	4910112	4346229	944820	1001588	2734814	1480457	179820	760340	46352781	26403445	1879836	30508249	22989167	3623642	2614232	9073367	2118338	43205258	29601573
2021-06-28	73435431	628600	243654	384946	53897836	6327913	11305468	45353126	29986519	0.545	0.361	7644926	5826686	1124640	1761928	4910112	4346229	944820	1001588	2734814	1480457	179820	760340	46764887	26617843	1904214	30705733	23192103	3656062	2671851	9087117	2218351	43448912	29986519
2021-06-29	74367144	931713	388316	543397	54581483	6420860	11438185	45763844	30529916	0.550	0.367	7644926	5826686	1124640	1761928	4910112	4346229	944820	1001588	2734814	1480457	179820	760340	47195958	27113831	1926616	31049273	23532210	3689101	2731759	9098854	2339331	43837228	30529916
2021-06-30	75388581	1021437	450568	570869	55349470	6515006	11574795	46237106	31100785	0.556	0.374	7644926	5826686	1124640	1761928	4910112	4346229	944820	1001588	2734814	1480457	179820	760340	47628035	27697962	1949310	31450507	23898963	3723938	2791068	9113351	2461444	44287796	31100785
2021-07-01	76370323	981742	452322	529420	56092295	6598527	11707600	46712019	31630205	0.562	0.380	7644926	5826686	1124640	1761928	4910112	4346229	944820	1001588	2734814	1480457	179820	760340	48035208	28268207	1971901	31858708	24233587	3754531	2843996	9126879	2580721	44740118	31630205
2021-07-02	77216418	846095	379717	466378	56742168	6693411	11786792	47113882	32096583	0.566	0.386	7644926	5826686	1124640	1761928	4910112	4346229	944820	1001588	2734814	1480457	179820	760340	48436166	28709971	1994047	32197412	24544756	3786325	2907086	9136098	2650694	45119835	32096583
2021-07-03	77593291	376873	148771	228102	56997412	6772694	11813931	47277860	32324685	0.568	0.389	7644926	5826686	1124640	1761928	4910112	4346229	944820	1001588	2734814	1480457	179820	760340	48746042	28776252	2009254	32318780	24678632	3810928	2961766	9138898	2675033	45268606	32324685
2021-07-04	77866373	273082	92863	180219	57178911	6840831	11828459	47379641	32504904	0.570	0.391	7644926	5826686	1124640	1761928	4910112	4346229	944820	1001588	2734814	1480457	179820	760340	48991605	28803194	2018172	32391740	24787171	3829376	3011455	9140353	2688106	45361469	32504904
2021-07-05	78402085	535712	195951	339761	57565818	6935233	11868010	47590444	32844665	0.572	0.395	7644926	5826686	1124640	1761928	4910112	4346229	944820	1001588	2734814	1480457	179820	760340	49335262	28993153	2033024	32557231	25008587	3855480	3079753	9144709	2723301	45557420	32844665
2021-07-06	79179124	777039	269882	507157	58182761	7034370	11913305	47875990	33351822	0.576	0.401	7644926	5826686	1124640	1761928	4910112	4346229	944820	1001588	2734814	1480457	179820	760340	49678629	29423099	2048688	32797222	25385539	3880764	3153606	9149316	2763989	45827302	33351822
2021-07-07	80174127	995003	323425	671578	59011560	7130224	11964611	48218459	34023400	0.580	0.409	7644926	5826686	1124640	1761928	4910112	4346229	944820	1001588	2734814	1480457	179820	760340	50035403	30056482	2067732	33090618	25920942	3905386	3224838	9154723	2809888	46150727	34023400
2021-07-08	81021258	847131	262848	584283	59695184	7231697	12007243	48500709	34607683	0.583	0.416	7644926	5826686	1124640	1761928	4910112	4346229	944820	1001588	2734814	1480457	179820	760340	50383332	30551427	2087134	33326703	26368481	3927863	3303834	9159009	2848234	46413575	34607683
2021-07-09	81778408	757150	219413	537737	60289669	7330575	12050446	48740706	35145420	0.586	0.423	7644926	5826686	1124640	1761928	4910112	4346229	944820	1001588	2734814	1480457	179820	760340	50731442	30956968	2107718	33523778	26765891	3945760	3384815	9163450	2886996	46632988	35145420
2021-07-10	82121678	343270	95711	247559	60517853	7414766	12071560	48846198	35392979	0.587	0.426	7644926	5826686	1124640	1761928	4910112	4346229	944820	1001588	2734814	1480457	179820	760340	51005803	31025280	2117499	33599892	26917961	3963914	3450852	9164893	2906667	46728699	35392979
2021-07-11	82349552	227874	61076	166798	60663608	7478303	12081849	48915567	35559777	0.588	0.428	7644926	5826686	1124640	1761928	4910112	4346229	944820	1001588	2734814	1480457	179820	760340	51214383	31044204	2125792	33645696	27017912	3978716	3499587	9165363	2916486	46789775	35559777
2021-07-12	82817176	467624	150907	316717	61013630	7557780	12105881	49080567	35876494	0.590	0.431	7644926	5826686	1124640	1761928	4910112	4346229	944820	1001588	2734814	1480457	179820	760340	51483554	31240232	2139885	33765774	27247856	4007676	3550104	9167232	2938649	46940682	35876494
2021-07-13	83577224	760048	180016	580032	61641261	7635662	12140494	49280505	36456526	0.593	0.438	7644926	5826686	1124640	1761928	4910112	4346229	944820	1001588	2734814	1480457	179820	760340	51740343	31739362	2159807	33917507	27723754	4033698	3601964	9169493	2971001	47120698	36456526
2021-07-14	84551500	974276	203075	771201	62473425	7707747	12187637	49506464	37227727	0.595	0.448	7644926	5826686	1124640	1761928	4910112	4346229	944820	1001588	2734814	1480457	179820	760340	52020078	32429200	2182691	34095649	28377776	4054961	3652786	9173163	3014474	47323773	37227727
2021-07-15	85317812	766312	170805	595507	63107478	7778890	12226201	49699821	37823234	0.598	0.455	7644926	5826686	1124640	1761928	4910112	4346229	944820	1001588	2734814	1480457	179820	760340	52280279	32931568	2205243	34244347	28863131	4074193	3704697	9176038	3050163	47494578	37823234
2021-07-16	85976636	658824	151379	507445	63647670	7843353	12258164	49873406	38330679	0.600	0.461	7644926	5826686	1124640	1761928	4910112	4346229	944820	1001588	2734814	1480457	179820	760340	52538545	33328254	2227449	34376543	29271127	4091453	3751900	9177961	3080203	47645957	38330679
2021-07-17	86247796	271160	70830	200330	63821473	7906488	12273811	49962811	38531009	0.601	0.463	7644926	5826686	1124640	1761928	4910112	4346229	944820	1001588	2734814	1480457	179820	760340	52751328	33384580	2246024	34430826	29390647	4107114	3799374	9178847	3094964	47716787	38531009
2021-07-18	86447598	199802	59579	140223	63957004	7948055	12285267	50033638	38671232	0.602	0.465	7644926	5826686	1124640	1761928	4910112	4346229	944820	1001588	2734814	1480457	179820	760340	52922506	33412623	2257272	34480857	29476147	4116385	3831670	9179124	3106143	47776366	38671232
2021-07-19	86827985	380387	91469	288918	64252865	7998561	12305047	50139347	38960150	0.603	0.468	7644926	5826686	1124640	1761928	4910112	4346229	944820	1001588	2734814	1480457	179820	760340	53120852	33592649	2271512	34558057	29694808	4129323	3869238	9180455	3124592	47867835	38960150
2021-07-20	87431960	603975	126269	477706	64772256	8046900	12326977	50279931	39437856	0.605	0.474	7644926	5826686	1124640	1761928	4910112	4346229	944820	1001588	2734814	1480457	179820	760340	53342715	33970767	2285827	34666191	30106065	4144929	3901971	9182984	3143993	47994104	39437856
2021-07-21	88183792	751832	154887	596945	65441377	8092947	12349761	50448698	40034801	0.607	0.481	7644926	5826686	1124640	1761928	4910112	4346229	944820	1001588	2734814	1480457	179820	760340	53583153	34477235	2299707	34806525	30634852	4157887	3935060	9184579	3165182	48148991	40034801
2021-07-22	88801935	618143	121193	496950	65983668	8136379	12368605	50583467	40531751	0.608	0.487	7644926	5826686	1124640	1761928	4910112	4346229	944820	1001588	2734814	1480457	179820	760340	53816180	34857754	2313283	34916238	31067430	4167975	3968404	9185971	3182634	48270184	40531751
2021-07-23	89368382	566447	113370	453077	66471143	8178672	12387158	50714963	40984828	0.610	0.493	7644926	5826686	1124640	1761928	4910112	4346229	944820	1001588	2734814	1480457	179820	760340	54051775	35185498	2331409	35018306	31452837	4177938	4000734	9187310	3199848	48383554	40984828
2021-07-24	89578208	209826	52239	157587	66623914	8216141	12394900	50779046	41142415	0.611	0.495	7644926	5826686	1124640	1761928	4910112	4346229	944820	1001588	2734814	1480457	179820	760340	54205642	35239989	2343253	35062508	31561406	4185211	4030930	9188074	3206826	48435793	41142415
2021-07-25	89702433	124225	31954	92271	66707672	8247582	12398176	50816750	41234686	0.611	0.496	7644926	5826686	1124640	1761928	4910112	4346229	944820	1001588	2734814	1480457	179820	760340	54310023	35258381	2349003	35088088	31619584	4191468	4056114	9188191	3209985	48467747	41234686
2021-07-26	90038079	335646	71390	264256	66980162	8287363	12410510	50899181	41498942	0.612	0.499	7644926	5826686	1124640	1761928	4910112	4346229	944820	1001588	2734814	1480457	179820	760340	54495425	35406924	2360044	35148764	31831398	4201026	4086337	9189347	3221163	48539137	41498942
2021-07-27	90584832	546753	97699	449054	67452075	8329501	12430389	51009703	41947996	0.613	0.504	7644926	5826686	1124640	1761928	4910112	4346229	944820	1001588	2734814	1480457	179820	760340	54705535	35739285	2372867	35236484	32215591	4209692	4119809	9190660	3239729	48636836	41947996
2021-07-28	91268150	683318	121457	561861	68051526	8376333	12453719	51144865	42509857	0.615	0.511	7644926	5826686	1124640	1761928	4910112	4346229	944820	1001588	2734814	1480457	179820	760340	54938697	36185608	2386572	35347277	32704249	4219122	4157211	9191894	3261825	48758293	42509857
2021-07-29	91840645	572495	104760	467735	68546191	8419766	12473504	51264237	42977592	0.616	0.517	7644926	5826686	1124640	1761928	4910112	4346229	944820	1001588	2734814	1480457	179820	760340	55151261	36541536	2401184	35441646	33104545	4228297	4191469	9193110	3280394	48863053	42977592
2021-07-30	92332434	491789	93855	397934	68959541	8465019	12490667	51374115	43375526	0.618	0.522	7644926	5826686	1124640	1761928	4910112	4346229	944820	1001588	2734814	1480457	179820	760340	55363484	36818387	2417207	35525430	33434111	4237299	4227720	9194179	3296488	48956908	43375526
2021-07-31	92526311	193877	46981	146896	69099141	8500870	12496684	51433505	43522422	0.618	0.523	7644926	5826686	1124640	1761928	4910112	4346229	944820	1001588	2734814	1480457	179820	760340	55518867	36856357	2429616	35566017	33533124	4243538	4257332	9194334	3302350	49003889	43522422
2021-08-01	92642754	116443	30368	86075	69182334	8525938	12498999	51469740	43608497	0.619	0.524	7644926	5826686	1124640	1761928	4910112	4346229	944820	1001588	2734814	1480457	179820	760340	55618568	36872662	2435483	35592128	33590206	4247713	4278225	9194416	3304583	49034257	43608497
2021-08-02	92932687	289933	58185	231748	69418655	8559313	12508124	51539037	43840245	0.620	0.527	7644926	5826686	1124640	1761928	4910112	4346229	944820	1001588	2734814	1480457	179820	760340	55786453	36992897	2446595	35644611	33774044	4252843	4306470	9194988	3313136	49092442	43840245
2021-08-03	93388403	455716	76178	379538	69811018	8597608	12520058	51628339	44219783	0.621	0.532	7644926	5826686	1124640	1761928	4910112	4346229	944820	1001588	2734814	1480457	179820	760340	55972378	37259593	2459719	35715199	34095819	4257708	4339900	9195713	3324345	49168620	44219783
2021-08-04	93953026	564623	96100	468523	70315534	8633854	12531316	51737042	44688306	0.622	0.537	7644926	5826686	1124640	1761928	4910112	4346229	944820	1001588	2734814	1480457	179820	760340	56178344	37614993	2472322	35805161	34510373	4263347	4370507	9196212	3335104	49264720	44688306
2021-08-05	94463279	510253	84968	425285	70764000	8673496	12539257	51836214	45113591	0.623	0.542	7644926	5826686	1124640	1761928	4910112	4346229	944820	1001588	2734814	1480457	179820	760340	56389785	37910549	2486526	35884310	34879690	4268559	4404937	9196819	3342438	49349688	45113591
2021-08-06	94897954	434675	80402	354273	71140640	8709250	12546558	51931596	45467864	0.624	0.547	7644926	5826686	1124640	1761928	4910112	4346229	944820	1001588	2734814	1480457	179820	760340	56605204	38127512	2501506	35958564	35182076	4274277	4434973	9197249	3349309	49430090	45467864
2021-08-07	95080235	182281	40317	141964	71276857	8741042	12548100	51984643	45609828	0.625	0.548	7644926	5826686	1124640	1761928	4910112	4346229	944820	1001588	2734814	1480457	179820	760340	56762485	38151629	2514236	35994128	35282729	4278951	4462091	9197328	3350772	49470407	45609828
2021-08-08	95195830	115595	23316	92279	71365849	8762795	12549020	52011889	45702107	0.625	0.550	7644926	5826686	1124640	1761928	4910112	4346229	944820	1001588	2734814	1480457	179820	760340	56866430	38163142	2518166	36014645	35351204	4281708	4481087	9197370	3351650	49493723	45702107
2021-08-09	95485367	289537	50669	238868	71599741	8804210	12554345	52071463	45940975	0.626	0.552	7644926	5826686	1124640	1761928	4910112	4346229	944820	1001588	2734814	1480457	179820	760340	57052851	38264866	2527071	36060527	35539214	4286188	4518022	9197677	3356668	49544392	45940975
2021-08-10	95907739	422372	73386	348986	71960689	8846772	12562207	52155849	46289961	0.627	0.557	7644926	5826686	1124640	1761928	4910112	4346229	944820	1001588	2734814	1480457	179820	760340	57241051	38496745	2538071	36128387	35832302	4291148	4555624	9198243	3363964	49617778	46289961
2021-08-11	96439679	531940	102581	429359	72421158	8893545	12571892	52273443	46719320	0.629	0.562	7644926	5826686	1124640	1761928	4910112	4346229	944820	1001588	2734814	1480457	179820	760340	57459251	38807109	2553084	36222674	36198484	4298773	4594772	9198912	3372980	49720359	46719320
2021-08-12	96896321	456642	96407	360235	72816755	8930834	12578847	52386651	47079555	0.630	0.566	7644926	5826686	1124640	1761928	4910112	4346229	944820	1001588	2734814	1480457	179820	760340	57661538	39058964	2569885	36312230	36504525	4305124	4625710	9199412	3379435	49816766	47079555
2021-08-13	97263881	367560	79186	288374	73128797	8966118	12585319	52479599	47367929	0.631	0.570	7644926	5826686	1124640	1761928	4910112	4346229	944820	1001588	2734814	1480457	179820	760340	57835120	39251353	2583647	36385663	36743134	4310413	4655705	9199876	3385443	49895952	47367929
